query	rank	left	top	width	height
河北科技大学	4	35	480	67	67
河北科技大学	5	35	910	220	15
北京丰台建都医院	2	15	156	67	67
北京丰台建都医院	5	15	834	220	15
幸福像花儿一样+电视剧	1	26	168	120	15
幸福像花儿一样+电视剧	1	26	292	42	15
nba2015全明星赛	5	15	576	122	92
nba2015全明星赛	5	157	576	122	92
nba2015全明星赛	5	299	576	122	92
nba2015全明星赛	5	441	576	122	92
nba2015全明星赛	6	15	794	122	82
致我们终将逝去的青春电影完整版	2	15	507	42	15
致我们终将逝去的青春电影完整版	2	57	507	55	15
致我们终将逝去的青春电影完整版	2	112	507	42	15
最近10天电影	6	15	755	122	82
比亚迪唐最新消息	5	15	530	122	82
怎样邀请好友加入群	6	15	636	122	82
肝火旺的症状	6	15	754	122	82
肝火旺的症状	7	15	1033	550	42
用电饭锅怎么做蛋糕	8	15	929	122	82
刘老根大舞台	1	15	36	122	92
刘老根大舞台	1	157	36	122	92
刘老根大舞台	1	299	36	122	92
刘老根大舞台	1	441	36	122	92
刘老根大舞台	5	15	641	122	82
刘老根大舞台	8	15	1288	122	82
新农村	3	15	794	220	15
新农村	4	15	871	67	67
新农村	5	15	1036	122	82
卫生间装修效果图小户型	5	15	763	122	82
qq音乐2015年度盛典	4	15	432	122	92
qq音乐2015年度盛典	4	157	432	122	92
qq音乐2015年度盛典	4	299	432	122	92
qq音乐2015年度盛典	4	441	432	122	92
qq音乐2015年度盛典	8	15	976	122	82
自己怎样盘发简单好看	6	15	636	122	82
自己怎样盘发简单好看	7	15	788	122	92
自己怎样盘发简单好看	7	157	788	122	92
自己怎样盘发简单好看	7	299	788	122	92
自己怎样盘发简单好看	7	441	788	122	92
倚天屠龙记小说	5	15	485	122	82
述职述廉报告	6	15	536	122	82
365新年快乐	9	15	978	122	82
三国志刘备传修改器	1	15	5	550	26
菏泽公墓	1	15	191	220	15
菏泽公墓	5	15	570	122	82
通用pe工具箱	2	15	105	550	26
通用pe工具箱	6	15	739	122	82
深圳市格美奇科技有限公司	3	15	567	220	15
抛釉砖的缺点	4	15	502	122	82
电脑壁纸高清	2	15	194	99	15
电脑壁纸高清	2	15	238	124	113
电脑壁纸高清	2	149	238	124	113
电脑壁纸高清	2	283	238	124	113
电脑壁纸高清	2	417	238	124	113
电脑壁纸高清	6	15	719	122	82
html文档的基本结构	6	15	910	122	82
胎盘组织液的作用	1	15	52	550	42
胎盘组织液的作用	7	15	822	122	82
幼儿园春季育儿知识	5	15	552	122	82
简单科学小发明小制作	10	15	1152	122	82
新疆舞蹈视频大全	1	15	36	122	92
新疆舞蹈视频大全	1	157	36	122	92
新疆舞蹈视频大全	1	299	36	122	92
新疆舞蹈视频大全	1	441	36	122	92
倾世皇妃	1	26	168	120	15
倾世皇妃	1	26	292	41	15
倾世皇妃	1	67	292	49	15
倾世皇妃	1	116	292	41	15
倾世皇妃	1	157	292	57	15
倾世皇妃	10	16	1366	90	15
全国劳动模范先进事迹	6	15	698	122	82
qq空间电影	6	15	542	122	82
我的纪录片	3	15	240	122	92
我的纪录片	3	157	240	122	92
我的纪录片	3	299	240	122	92
我的纪录片	3	441	240	122	92
我的纪录片	7	15	825	122	82
ysl口红57号	1	15	120	4	15
ysl口红57号	1	15	166	4	15
ysl口红57号	1	15	212	4	15
ysl口红57号	1	15	258	4	15
怎样看股票走势图	5	15	465	122	82
粉宝乐园	1	26	168	120	15
粉宝乐园	1	26	292	41	15
粉宝乐园	6	15	995	122	82
实时天气	9	15	957	122	82
冯辉轮滑视频	4	15	396	122	92
冯辉轮滑视频	4	157	396	122	92
冯辉轮滑视频	4	299	396	122	92
冯辉轮滑视频	4	441	396	122	92
冯辉轮滑视频	6	15	724	122	82
黄遂柱	10	15	1059	122	82
折纸玫瑰视频	2	15	123	122	92
折纸玫瑰视频	2	157	123	122	92
折纸玫瑰视频	2	299	123	122	92
折纸玫瑰视频	2	441	123	122	92
折纸玫瑰视频	6	15	668	122	82
虚拟打印机	1	15	5	550	26
虚拟打印机	6	15	713	122	82
玫瑰酱的做法	3	15	290	92	92
玫瑰酱的做法	5	15	613	122	92
玫瑰酱的做法	5	157	613	122	92
玫瑰酱的做法	5	299	613	122	92
玫瑰酱的做法	5	441	613	122	92
玫瑰酱的做法	6	15	831	122	82
360分区助手	6	15	542	122	82
牌九游戏大厅	7	15	712	92	92
生化危机5免费高清	2	15	507	42	15
生化危机5免费高清	2	57	507	42	15
生化危机5免费高清	5	15	789	122	82
雨霖铃	7	15	741	122	82
践行社会主义核心价值观心得体会	7	15	728	122	82
cf老玩家回归礼包	6	15	546	122	82
ps在线图片处理	6	15	540	122	82
ps在线图片处理	8	15	882	67	67
数学诗歌	6	15	744	122	82
取名字打分	6	15	642	122	82
东风小康K17	1	35	146	154	15
东风小康K17	2	35	399	132	92
东风小康K17	6	15	1330	122	82
高尔基的童年	4	16	527	120	160
高尔基的童年	6	15	882	122	82
高贵的母亲	6	15	606	122	82
深圳地铁线路图	1	15	332	124	141
深圳地铁线路图	1	154	332	124	141
深圳地铁线路图	1	293	332	124	141
深圳地铁线路图	1	432	332	124	141
深圳地铁线路图	8	15	1213	122	82
mp3转换器	1	15	5	550	26
mp3转换器	1	459	78	95	99
mp3转换器	6	15	721	122	82
路路通编织方法	3	15	238	122	92
路路通编织方法	3	157	238	122	92
路路通编织方法	3	299	238	122	92
路路通编织方法	3	441	238	122	92
索纳塔	2	15	207	154	15
索纳塔	7	15	1010	122	82
忧伤的图片	5	17	755	100	4
忧伤的图片	6	15	896	122	82
西门剑姬	2	15	138	122	92
西门剑姬	2	157	138	122	92
西门剑姬	2	299	138	122	92
西门剑姬	2	441	138	122	92
西门剑姬	6	15	758	122	82
魔兽显血改键工具	1	15	5	550	26
众泰t600运动版	1	0	0	122	92
众泰t600运动版	4	15	795	122	82
一般将来时	5	15	533	122	82
租店面	9	15	1187	122	82
钟馗伏魔+雪妖魔灵mp4	1	15	36	122	92
钟馗伏魔+雪妖魔灵mp4	1	157	36	122	92
钟馗伏魔+雪妖魔灵mp4	1	299	36	122	92
钟馗伏魔+雪妖魔灵mp4	1	441	36	122	92
钟馗伏魔+雪妖魔灵mp4	4	15	486	122	82
传奇墨舞碧歌最新章节	1	16	145	90	15
结对帮扶+义诊	5	15	508	122	82
罗汉说鸽	2	15	138	122	92
罗汉说鸽	2	157	138	122	92
罗汉说鸽	2	299	138	122	92
罗汉说鸽	2	441	138	122	92
罗汉说鸽	6	15	670	122	82
罗汉说鸽	7	15	910	67	67
王宗岳太极拳论解释	6	15	675	122	82
星座屋	3	15	238	67	67
星座屋	6	0	0	100	103
星座屋	7	15	808	122	82
钓鱼杆绑线技巧	2	15	226	122	92
钓鱼杆绑线技巧	2	157	226	122	92
钓鱼杆绑线技巧	2	299	226	122	92
钓鱼杆绑线技巧	2	441	226	122	92
小龙的随身空间	1	15	176	130	15
小龙的随身空间	1	15	299	130	15
小龙的随身空间	1	15	422	130	15
小龙的随身空间	1	15	545	130	15
小龙的随身空间	1	15	668	130	15
小龙的随身空间	6	15	1363	122	82
拼音输入法下载	1	45	61	42	15
拼音输入法下载	1	45	106	42	15
拼音输入法下载	1	45	151	42	15
拼音输入法下载	1	45	196	42	15
拼音输入法下载	1	45	241	42	15
ea888发动机优缺点	10	15	1155	122	82
碟中谍3高清在线观看	3	15	654	42	15
碟中谍3高清在线观看	3	57	654	55	15
碟中谍3高清在线观看	3	112	654	42	15
碟中谍3高清在线观看	3	154	654	55	15
碟中谍3高清在线观看	3	209	654	42	15
塔尔寺	2	15	561	122	82
塔尔寺	2	15	664	122	82
塔尔寺	2	15	767	122	82
塔尔寺	2	15	870	122	82
塔尔寺	5	15	1373	220	15
塔尔寺	6	15	1450	122	82
塔尔寺	8	15	1878	32	32
塔尔寺	8	15	1931	32	32
塔尔寺	8	15	1984	32	32
塔尔寺	8	15	2037	32	32
塔尔寺	8	15	2090	32	32
客厅灯	1	15	418	4	15
客厅灯	1	15	464	4	15
客厅灯	1	15	510	4	15
客厅灯	1	15	556	4	15
客厅灯	6	15	1011	122	82
刀剑神域2土豆观看	1	15	64	140	107
中建三局招聘	6	15	716	122	82
精神文明建设	7	15	771	122	82
四川腊肉	3	15	451	122	92
四川腊肉	3	157	451	122	92
四川腊肉	3	299	451	122	92
四川腊肉	3	441	451	122	92
四川腊肉	4	15	753	4	15
四川腊肉	4	15	799	4	15
四川腊肉	4	15	860	4	15
四川腊肉	4	15	906	4	15
四川腊肉	7	15	1297	122	82
克罗地亚战警	4	15	391	122	92
克罗地亚战警	4	157	391	122	92
克罗地亚战警	4	299	391	122	92
克罗地亚战警	4	441	391	122	92
克罗地亚战警	6	15	696	122	82
天使妹妹	4	15	385	122	92
天使妹妹	4	157	385	122	92
天使妹妹	4	299	385	122	92
天使妹妹	4	441	385	122	92
天使妹妹	8	15	957	122	82
豆角烧茄子	2	15	166	92	92
豆角烧茄子	6	15	716	122	82
app制作软件	6	15	592	122	82
论文封面	5	15	881	122	82
论文封面	6	15	1091	550	26
论文封面	6	187	1095	41	19
铠甲战士	2	15	205	122	92
铠甲战士	2	157	205	122	92
铠甲战士	2	299	205	122	92
铠甲战士	2	441	205	122	92
铠甲战士	5	15	857	122	82
球粒陨石	5	15	698	122	82
易物天下骗局	6	15	550	122	82
秒赞秒评	8	15	836	122	82
连环画	4	0	0	122	92
连环画	6	15	653	122	82
分公司如何纳税	6	15	722	122	82
回到三国当保镖	1	15	6	550	24
回到三国当保镖	1	15	115	75	15
回到三国当保镖	1	97	33	246	76
回到三国当保镖	2	16	309	90	15
南国的孩子+张悬+吉他谱	4	15	566	122	82
岳西在线家园	9	15	940	122	82
批发零售用地	9	15	932	122	82
杭州地铁5号线站点	4	15	365	122	82
宫锁珠帘+电视剧	1	26	168	120	15
宫锁珠帘+电视剧	1	26	292	41	15
宫锁珠帘+电视剧	7	15	1116	122	82
千与千寻	2	15	476	42	15
千与千寻	9	15	1759	122	82
闪电侠第二季	7	15	940	122	82
消石素	2	15	189	4	15
消石素	2	15	235	4	15
消石素	2	15	281	4	15
消石素	2	15	327	4	15
消石素	7	15	914	122	82
斯拉格精灵中文版全集	1	15	179	120	15
斯拉格精灵中文版全集	1	15	290	77	32
奥林匹克公园	1	15	5	550	26
奥林匹克公园	2	15	431	220	15
奥林匹克公园	6	15	972	122	82
奥林匹克公园	9	15	1500	32	32
HP862墨盒	1	15	92	4	15
HP862墨盒	1	15	153	4	15
HP862墨盒	1	15	214	4	15
HP862墨盒	1	15	260	4	15
漂洋过海来看你吉他谱	10	15	1042	122	82
当你老了吉他谱	5	15	646	122	82
日语输入法下载	1	45	61	42	15
日语输入法下载	1	45	106	42	15
日语输入法下载	1	45	151	42	15
日语输入法下载	1	45	196	42	15
翡翠观音寓意	7	15	782	122	82
搞笑签名	6	15	761	122	82
极品时刻表	5	15	496	122	82
联合早报	1	15	5	550	26
联合早报	9	15	1149	122	82
faker第一视角	8	15	843	122	82
神奇四侠2免费观看	3	16	285	120	160
神奇四侠2免费观看	3	291	421	35	16
神奇四侠2免费观看	3	386	417	24	22
神奇四侠2免费观看	8	15	1079	122	82
水泥价格今日报价	2	15	164	4	15
水泥价格今日报价	2	15	210	4	15
水泥价格今日报价	2	15	256	4	15
水泥价格今日报价	2	15	302	4	15
迪迦奥特曼最终圣战	1	16	37	120	160
迪迦奥特曼最终圣战	7	15	975	122	82
金太阳国信证券	10	15	1056	122	82
小课题研究申报表范例	4	15	444	550	26
小课题研究申报表范例	4	187	448	41	19
账号申诉	10	15	1221	122	82
北盟外语	9	15	1028	122	82
曲阜师范大学	5	35	847	220	15
曲阜师范大学	10	15	1425	122	82
希望谷班级园地登录	4	15	384	92	92
徐悲鸿研究会	2	15	291	220	15
徐悲鸿研究会	6	15	697	122	82
丽江旅游股票	5	15	712	122	82
变形计李勒优	2	15	350	122	92
变形计李勒优	2	157	350	122	92
变形计李勒优	2	299	350	122	92
变形计李勒优	2	441	350	122	92
变形计李勒优	8	15	1058	122	82
天津最低工资标准2015	5	15	542	122	82
铁血战士2	1	16	37	120	160
铁血战士2	1	291	173	48	16
铁血战士2	7	15	1073	122	82
干眼症	1	35	165	120	15
干眼症	2	130	461	4	22
干眼症	2	217	461	4	22
干眼症	6	15	1033	122	82
干眼症	7	15	1273	67	67
干眼症	8	15	1511	120	15
干眼症	8	15	1619	120	15
干眼症	8	15	1727	120	15
干眼症	8	15	1835	120	15
干眼症	9	15	1954	550	42
海洋水价格	1	15	166	4	15
海洋水价格	1	15	212	4	15
海洋水价格	1	15	258	4	15
海洋水价格	1	15	319	4	15
海洋水价格	6	15	844	122	82
中秋节习俗	7	15	864	122	82
锅包肉的做法+最正宗的做法	3	15	262	122	82
锅包肉的做法+最正宗的做法	6	15	706	122	92
锅包肉的做法+最正宗的做法	6	157	706	122	92
锅包肉的做法+最正宗的做法	6	299	706	122	92
锅包肉的做法+最正宗的做法	6	441	706	122	92
启动盘制作工具	8	15	774	122	82
核桃树树皮煮鸡蛋	5	15	596	550	42
核桃树树皮煮鸡蛋	6	15	720	550	22
核桃树树皮煮鸡蛋	10	15	1218	550	42
2015最新伤感歌曲	2	26	409	120	15
2015最新伤感歌曲	2	26	563	120	15
2015最新伤感歌曲	2	26	717	120	15
2015最新伤感歌曲	2	26	871	120	15
2015最新伤感歌曲	3	26	1032	90	15
2015最新伤感歌曲	3	26	1140	90	15
2015最新伤感歌曲	3	26	1248	90	15
2015最新伤感歌曲	3	26	1356	90	15
2015最新伤感歌曲	3	26	1464	90	15
2015最新伤感歌曲	9	15	2045	122	82
模拟驾驶	1	35	59	70	70
模拟驾驶	1	138	59	70	70
模拟驾驶	1	241	59	70	70
模拟驾驶	1	344	59	70	70
模拟驾驶	1	447	59	70	70
模拟驾驶	1	550	59	70	70
模拟驾驶	1	35	193	70	70
模拟驾驶	1	138	193	70	70
模拟驾驶	1	241	193	70	70
模拟驾驶	1	344	193	70	70
模拟驾驶	1	447	193	70	70
模拟驾驶	1	550	193	70	70
模拟驾驶	2	15	463	160	122
模拟驾驶	5	15	910	122	82
二套房贷款利率2015	6	15	542	122	82
自主招生面试题	6	15	526	122	82
绥化市委书记	5	15	485	122	82
西班牙语招聘	6	15	732	122	82
懒政怠政	6	15	630	122	82
一带一路高铁股	4	15	336	122	82
lol剑圣	1	15	35	90	90
lol剑圣	1	60	177	55	50
lol剑圣	1	125	177	55	50
lol剑圣	1	244	177	55	50
lol剑圣	1	309	177	55	50
lol剑圣	1	374	177	55	50
lol剑圣	1	60	243	55	50
lol剑圣	1	125	243	55	50
lol剑圣	1	190	243	55	50
lol剑圣	1	255	243	55	50
lol剑圣	1	320	243	55	50
lol剑圣	1	385	243	55	50
lol剑圣	2	15	401	122	92
lol剑圣	2	157	401	122	92
lol剑圣	2	299	401	122	92
lol剑圣	2	441	401	122	92
lol剑圣	3	0	0	122	92
lol剑圣	6	15	996	122	82
二十四道拐电视剧全集	1	26	168	120	15
二十四道拐电视剧全集	1	26	292	67	15
二十四道拐电视剧全集	1	93	292	41	15
二十四道拐电视剧全集	1	134	292	54	15
二十四道拐电视剧全集	1	188	292	41	15
二十四道拐电视剧全集	1	229	292	41	15
二十四道拐电视剧全集	1	270	292	41	15
二十四道拐电视剧全集	1	311	292	41	15
二十四道拐电视剧全集	1	352	292	49	15
二十四道拐电视剧全集	1	401	292	41	15
章子怡哥哥	4	15	431	122	92
章子怡哥哥	4	157	431	122	92
章子怡哥哥	4	299	431	122	92
章子怡哥哥	4	441	431	122	92
章子怡哥哥	5	15	864	122	82
x550d华硕	6	15	677	122	82
2015流行短发	4	15	593	122	82
极品逍遥	6	15	643	122	82
海贼王漫画782分析	5	15	494	122	82
ppt软件下载2014免费下载	6	17	658	100	4
智谋故事	3	15	509	4	15
智谋故事	3	15	555	4	15
智谋故事	3	15	616	4	15
智谋故事	3	15	662	4	15
智谋故事	7	15	1118	122	82
动态头像制作	6	15	652	122	82
摩登舞教学视频	1	15	36	122	92
摩登舞教学视频	1	157	36	122	92
摩登舞教学视频	1	299	36	122	92
摩登舞教学视频	1	441	36	122	92
摩登舞教学视频	6	15	645	122	82
匪我思存	1	35	55	122	122
匪我思存	2	35	526	67	67
匪我思存	4	15	815	90	15
匪我思存	4	15	938	90	15
匪我思存	4	15	1061	90	15
匪我思存	4	15	1184	90	15
匪我思存	4	15	1307	90	15
匪我思存	7	15	1754	122	82
匪我思存	10	0	0	100	103
大英招聘信息	6	15	546	122	82
地震来了怎么办	6	15	463	122	82
春天在哪里舞蹈视频	1	15	36	122	92
春天在哪里舞蹈视频	1	157	36	122	92
春天在哪里舞蹈视频	1	299	36	122	92
春天在哪里舞蹈视频	1	441	36	122	92
春天在哪里舞蹈视频	6	15	734	122	82
王牌特工+豆瓣	7	15	758	122	82
四旋翼飞行器	1	15	212	4	15
四旋翼飞行器	1	15	273	4	15
四旋翼飞行器	1	15	319	4	15
四旋翼飞行器	1	15	380	4	15
四旋翼飞行器	9	15	1728	67	67
南宁高新区罗赖小学	1	15	191	220	15
科比81分	2	15	138	122	92
科比81分	2	157	138	122	92
科比81分	2	299	138	122	92
科比81分	2	441	138	122	92
科比81分	3	0	0	122	92
科比81分	5	15	624	122	82
德林社	1	15	36	122	92
德林社	1	157	36	122	92
德林社	1	299	36	122	92
德林社	1	441	36	122	92
德林社	4	15	481	67	67
德林社	6	15	770	122	82
刘一秒执行智慧2	1	15	36	122	92
刘一秒执行智慧2	1	157	36	122	92
刘一秒执行智慧2	1	299	36	122	92
刘一秒执行智慧2	1	441	36	122	92
刘一秒执行智慧2	8	15	844	122	82
同煤吧	5	15	608	122	82
激战奥雷卡国语版全集	2	15	110	122	162
视频解析	8	15	716	122	82
公务员照片在线处理	6	15	542	122	82
壁纸桌面	2	45	151	42	15
壁纸桌面	2	45	196	42	15
壁纸桌面	2	45	241	42	15
壁纸桌面	2	45	286	42	15
壁纸桌面	2	45	331	42	15
壁纸桌面	5	15	637	122	82
暗黑破坏神3激活码	6	15	728	122	82
灰指甲怎么治	2	15	205	4	15
灰指甲怎么治	3	26	418	4	15
灰指甲怎么治	3	26	448	4	15
灰指甲怎么治	3	26	478	4	15
灰指甲怎么治	3	26	508	4	15
灰指甲怎么治	6	15	1069	550	42
灰指甲怎么治	7	15	1193	550	42
灰指甲怎么治	8	15	1301	122	82
逆战刷nz点	3	15	268	122	92
逆战刷nz点	3	157	268	122	92
逆战刷nz点	3	299	268	122	92
逆战刷nz点	3	441	268	122	92
逆战刷nz点	6	15	746	122	82
会计凭证装订方法	4	15	414	122	92
会计凭证装订方法	4	157	414	122	92
会计凭证装订方法	4	299	414	122	92
会计凭证装订方法	4	441	414	122	92
会计凭证装订方法	6	15	725	122	82
qq现金贷额度	5	15	582	122	82
盘点表格式	6	15	724	122	82
如何减肥	4	26	414	4	15
如何减肥	4	26	444	4	15
如何减肥	4	26	474	4	15
如何减肥	4	26	504	4	15
如何减肥	7	15	971	122	82
如何减肥	9	15	1306	4	15
员工入股分红协议	5	15	598	122	82
洗衣机十大品牌	1	189	103	60	30
洗衣机十大品牌	1	189	136	60	30
洗衣机十大品牌	1	189	169	60	30
洗衣机十大品牌	1	189	202	60	30
洗衣机十大品牌	1	189	235	60	30
洗衣机十大品牌	6	15	929	122	82
一生一世	2	15	507	42	15
一生一世	2	57	507	55	15
一生一世	2	112	507	42	15
一生一世	2	154	507	42	15
一生一世	2	196	507	42	15
一生一世	8	15	1321	122	82
一生一世	9	15	1783	67	67
无限流量卡	1	15	120	4	15
无限流量卡	1	15	181	4	15
无限流量卡	1	15	242	4	15
无限流量卡	1	15	288	4	15
无限流量卡	7	15	960	122	82
全民飞机大战平民装备	6	15	568	122	82
说说心里话作文	6	15	823	122	82
level2破解版	2	15	138	92	92
沃尔玛礼品卡	3	15	355	4	15
沃尔玛礼品卡	3	15	401	4	15
沃尔玛礼品卡	3	15	447	4	15
沃尔玛礼品卡	3	15	493	4	15
沃尔玛礼品卡	7	15	894	122	82
学生发型男	5	15	742	122	82
炸薯条的做法	1	15	64	92	92
炸薯条的做法	5	15	685	122	82
炸薯条的做法	6	15	925	122	92
炸薯条的做法	6	157	925	122	92
炸薯条的做法	6	299	925	122	92
炸薯条的做法	6	441	925	122	92
笑傲江湖霍建华	1	26	168	120	15
笑傲江湖霍建华	1	26	292	41	15
笑傲江湖霍建华	1	67	292	41	15
笑傲江湖霍建华	10	15	1450	122	82
封神榜忠义乾坤	1	15	36	122	92
封神榜忠义乾坤	1	157	36	122	92
封神榜忠义乾坤	1	299	36	122	92
封神榜忠义乾坤	1	441	36	122	92
十年戎马心孤单张凯	9	15	1018	122	92
十年戎马心孤单张凯	9	157	1018	122	92
十年戎马心孤单张凯	9	299	1018	122	92
十年戎马心孤单张凯	9	441	1018	122	92
微拍吧	6	15	828	122	82
农村盖房合同协议书	6	15	740	122	82
三年级作文我的家乡	6	15	720	122	82
掌上英雄联盟	1	15	5	550	26
掌上英雄联盟	2	15	129	550	26
掌上英雄联盟	2	459	202	95	99
掌上英雄联盟	7	15	995	122	82
掌上英雄联盟	9	15	1337	67	67
七武士	2	15	476	42	15
七武士	2	57	476	42	15
七武士	3	15	530	122	162
七武士	7	15	1323	122	82
偷拍摄	6	15	688	122	82
翡翠空间	2	15	106	550	24
翡翠空间	2	15	215	75	15
翡翠空间	2	97	133	468	77
翡翠空间	3	16	409	90	15
翡翠空间	9	15	1400	122	82
win7家庭版升级旗舰版	7	15	780	122	82
熟语的使用	7	15	846	122	82
柯基犬图片	9	15	1586	117	15
柯基犬图片	9	15	1709	117	15
柯基犬图片	9	15	1832	117	15
柯基犬图片	9	15	1955	117	15
柯基犬图片	9	15	2078	117	15
感觉心脏突然咯噔一下	1	15	75	550	42
感觉心脏突然咯噔一下	6	15	804	550	42
开题报告模板	6	15	704	122	82
QQ加精准好友的方法技巧	3	15	238	122	82
红米2增强版怎么样	5	16	642	157	108
红米2增强版怎么样	5	15	665	550	20
红米2增强版怎么样	5	15	665	550	20
红米2增强版怎么样	5	15	665	550	20
红米2增强版怎么样	5	15	665	550	20
红米2增强版怎么样	5	15	665	550	20
武动乾坤无弹窗	3	16	403	90	15
武动乾坤无弹窗	9	15	1299	117	15
武动乾坤无弹窗	9	15	1422	117	15
武动乾坤无弹窗	9	15	1545	117	15
武动乾坤无弹窗	9	15	1668	117	15
武动乾坤无弹窗	9	15	1791	117	15
贵州旅游	1	15	122	122	92
贵州旅游	1	157	122	122	92
贵州旅游	1	299	122	122	92
贵州旅游	1	441	122	122	92
贵州旅游	1	15	241	122	92
贵州旅游	1	157	241	122	92
贵州旅游	1	299	241	122	92
贵州旅游	1	441	241	122	92
贵州旅游	3	15	609	122	82
贵州旅游	3	15	712	122	82
贵州旅游	3	15	815	122	82
贵州旅游	3	15	918	122	82
贵州旅游	5	15	1292	67	67
贵州旅游	6	0	0	122	92
贵州旅游	9	15	1895	122	92
贵州旅游	9	157	1895	122	92
贵州旅游	9	299	1895	122	92
贵州旅游	9	441	1895	122	92
太原市第三实验中学	3	15	416	220	15
太原市第三实验中学	9	15	1093	122	82
汉译英	6	15	680	122	82
深圳社保局	1	15	5	550	26
深圳社保局	2	15	431	220	15
深圳社保局	3	15	512	89	97
深圳社保局	7	15	978	122	82
梦幻西游手游开区	7	15	736	122	82
劳动争议司法解释五	4	15	404	122	82
明细账	5	15	766	122	82
广州两日游攻略	1	15	122	122	92
广州两日游攻略	1	157	122	122	92
广州两日游攻略	1	299	122	122	92
广州两日游攻略	1	441	122	122	92
广州两日游攻略	1	15	241	122	92
广州两日游攻略	1	157	241	122	92
广州两日游攻略	1	299	241	122	92
广州两日游攻略	1	441	241	122	92
广州两日游攻略	3	15	712	122	82
广州两日游攻略	3	15	815	122	82
广州两日游攻略	3	15	918	122	82
广州两日游攻略	3	15	1021	122	82
广州两日游攻略	7	15	1597	122	82
搞笑段子	4	15	708	120	15
搞笑段子	4	15	826	41	15
搞笑段子	4	15	956	197	15
搞笑段子	6	15	1257	122	82
搞笑段子	7	15	1585	120	15
搞笑段子	7	15	1709	120	15
搞笑段子	7	15	1833	120	15
搞笑段子	7	15	1957	120	15
搞笑段子	7	15	2081	120	15
搞笑段子	7	15	2205	120	15
搞笑段子	7	15	2329	120	15
搞笑段子	7	15	2453	120	15
第一创业证券	5	15	693	220	15
第一创业证券	6	15	764	79	93
第一创业证券	7	15	901	122	82
生育保险单位证明	6	15	626	550	26
生育保险单位证明	6	219	630	41	19
志愿贵州	6	15	541	122	82
呼啸山庄	1	16	37	120	160
呼啸山庄	1	291	173	43	16
呼啸山庄	8	15	1086	122	82
华国锋陵墓	3	15	263	122	92
华国锋陵墓	3	157	263	122	92
华国锋陵墓	3	299	263	122	92
华国锋陵墓	3	441	263	122	92
华国锋陵墓	7	15	859	122	82
星球大战2	2	15	293	94	15
星球大战2	6	15	752	122	82
星球大战2	10	15	1511	160	122
壁纸软件	2	45	161	42	15
壁纸软件	2	45	206	42	15
壁纸软件	2	45	251	42	15
壁纸软件	2	45	296	42	15
壁纸软件	2	45	341	42	15
壁纸软件	6	15	985	122	82
音乐僵尸	1	16	37	120	160
音乐僵尸	7	15	1015	122	82
tfboys新歌	1	15	36	122	92
tfboys新歌	1	157	36	122	92
tfboys新歌	1	299	36	122	92
tfboys新歌	1	441	36	122	92
tfboys新歌	2	15	337	100	15
tfboys新歌	6	15	887	122	82
tfboys新歌	7	0	0	122	92
王仕鹏	1	35	55	122	122
王仕鹏	3	35	451	122	92
王仕鹏	3	197	451	122	92
王仕鹏	3	359	451	122	92
王仕鹏	3	521	451	122	92
王仕鹏	6	15	1292	122	82
社会信用体系	1	0	0	122	92
社会信用体系	6	15	673	122	82
廉政提示牌	6	15	538	122	82
生化危机4电影高清片免费完整版	3	15	586	42	15
生化危机4电影高清片免费完整版	3	57	586	42	15
生化危机4电影高清片免费完整版	3	99	586	55	15
生化危机4电影高清片免费完整版	3	154	586	42	15
生化危机4电影高清片免费完整版	7	15	1067	122	82
南洋十大降头	6	15	655	122	82
油画作品欣赏	5	15	780	122	82
油画作品欣赏	7	15	1144	67	67
梦见钓鱼	5	15	739	122	82
乒乓球发球技术	4	15	484	122	92
乒乓球发球技术	4	157	484	122	92
乒乓球发球技术	4	299	484	122	92
乒乓球发球技术	4	441	484	122	92
乒乓球发球技术	6	15	789	122	82
如何用ps去雾	5	15	532	122	82
文献检索报告	6	15	764	122	82
文献检索报告	7	15	974	550	26
文献检索报告	7	155	978	41	19
天堂bt	8	15	856	122	82
认识100以内的数练习	10	15	1102	122	82
阿迪达斯zx700	1	15	235	4	15
阿迪达斯zx700	1	15	296	4	15
阿迪达斯zx700	1	15	372	4	15
阿迪达斯zx700	1	15	433	4	15
阿迪达斯zx700	7	15	1027	122	82
花生油起沫	5	15	534	122	82
浙江新力化工有限公司	3	15	491	220	15
浙江新力化工有限公司	9	15	1072	122	82
红烧豆腐	1	15	64	92	92
红烧豆腐	6	15	760	122	82
ipad+air2和air的区别	3	15	262	122	82
烈士墓前的宣誓词	5	15	626	122	82
苏南自主创新示范区	3	0	0	122	92
苏南自主创新示范区	4	15	452	122	82
苏南自主创新示范区	6	15	764	550	26
苏南自主创新示范区	6	328	768	41	19
姐妹qq头像	9	15	1129	122	82
微量元素与儿童健康	6	15	652	122	82
忍者大师	7	15	759	122	82
家有九凤	1	15	147	94	15
家有九凤	7	15	803	122	82
大飞cf透视	1	15	5	550	26
陕北唢呐大全	1	15	36	122	92
陕北唢呐大全	1	157	36	122	92
陕北唢呐大全	1	299	36	122	92
陕北唢呐大全	1	441	36	122	92
驾校一点通科目一	5	15	460	122	82
可敬的对手怎么刷	6	15	632	122	82
cfvip礼包领取	10	15	998	122	82
我看你有戏第二期	1	15	34	140	107
我看你有戏第二期	6	15	714	122	82
头发干枯毛躁怎么护理	4	15	379	550	42
头发干枯毛躁怎么护理	6	26	706	4	15
头发干枯毛躁怎么护理	6	26	736	4	15
头发干枯毛躁怎么护理	6	26	766	4	15
头发干枯毛躁怎么护理	6	26	796	4	15
头发干枯毛躁怎么护理	9	15	1128	122	82
东风mx6	8	15	889	122	82
梦见自己包丢了	5	15	490	122	82
铝合金门窗	1	15	38	127	127
铝合金门窗	1	156	38	127	127
铝合金门窗	1	297	38	127	127
铝合金门窗	1	15	230	127	127
铝合金门窗	2	15	690	4	15
铝合金门窗	2	15	736	4	15
铝合金门窗	2	15	797	4	15
铝合金门窗	2	15	873	4	15
铝合金门窗	6	15	1480	67	67
铝合金门窗	10	15	1992	122	82
阿衰全集漫画片中文版	1	15	36	122	92
阿衰全集漫画片中文版	1	157	36	122	92
阿衰全集漫画片中文版	1	299	36	122	92
阿衰全集漫画片中文版	1	441	36	122	92
变形计的帅哥	2	15	371	122	92
变形计的帅哥	2	157	371	122	92
变形计的帅哥	2	299	371	122	92
变形计的帅哥	2	441	371	122	92
变形计的帅哥	5	15	859	122	82
2015款奥拓	1	15	127	154	15
2015款奥拓	7	15	1071	122	82
鱼头豆腐汤	1	15	64	92	92
鱼头豆腐汤	7	15	908	122	82
台球桌报价	1	15	38	127	127
台球桌报价	1	156	38	127	127
台球桌报价	1	297	38	127	127
台球桌报价	1	15	230	127	127
台球桌报价	2	15	667	4	15
台球桌报价	2	15	713	4	15
台球桌报价	2	15	759	4	15
台球桌报价	2	15	820	4	15
台球桌报价	7	15	1271	122	82
灰指甲怎么治	2	15	205	4	15
灰指甲怎么治	3	26	418	4	15
灰指甲怎么治	3	26	448	4	15
灰指甲怎么治	3	26	478	4	15
灰指甲怎么治	3	26	508	4	15
灰指甲怎么治	6	15	1069	550	42
灰指甲怎么治	7	15	1193	550	42
灰指甲怎么治	8	15	1301	122	82
小宝与康熙	6	15	773	122	82
绝招ppt课件	10	15	1032	122	82
香港中炎fc币最新消息	2	15	138	122	82
婚姻线图解大全	6	15	590	122	82
课件ppt模板下载	7	17	692	100	4
淘宝修改评价	6	15	570	122	82
苏州园林卡	6	15	744	122	82
送东阳马生序练习题及答案	7	15	756	122	82
胃热的症状	4	15	565	550	42
胃热的症状	6	15	813	550	42
胃热的症状	7	15	921	122	82
秧歌舞	6	15	663	122	82
秧歌舞	7	15	903	122	92
秧歌舞	7	157	903	122	92
秧歌舞	7	299	903	122	92
秧歌舞	7	441	903	122	92
秧歌舞	10	15	1329	39	15
蝴蝶效应4	1	15	36	122	92
蝴蝶效应4	1	157	36	122	92
蝴蝶效应4	1	299	36	122	92
蝴蝶效应4	1	441	36	122	92
蝴蝶效应4	6	15	724	122	82
孕前知识	6	15	1503	122	82
刺客信条编年史	1	15	78	160	122
刺客信条编年史	5	15	600	122	82
我的世界各种传送门制作方法	6	15	554	122	82
黄山风景区	2	15	542	32	32
黄山风景区	2	15	595	32	32
黄山风景区	2	15	648	32	32
黄山风景区	2	15	701	32	32
黄山风景区	2	15	754	32	32
黄山风景区	3	15	956	122	82
黄山风景区	3	15	1059	122	82
黄山风景区	3	15	1162	122	82
黄山风景区	3	15	1265	122	82
黄山风景区	4	99	1501	120	120
黄山风景区	4	363	1468	60	93
黄山风景区	4	363	1561	60	93
黄山风景区	4	363	1654	60	93
黄山风景区	6	15	1941	67	67
黄山风景区	7	15	2097	550	26
黄山风景区	7	15	2199	112	15
黄山风景区	8	15	2399	122	82
道德与法治	2	15	482	120	15
道德与法治	2	15	620	54	15
道德与法治	2	15	750	197	15
道德与法治	2	15	843	184	15
道德与法治	2	15	936	184	15
道德与法治	2	15	1029	184	15
道德与法治	7	15	1807	67	67
尚福林	3	0	0	122	92
尚福林	6	15	717	122	82
白银招聘	6	15	546	122	82
辣椒酱	3	15	266	92	92
辣椒酱	6	15	714	122	82
踏春作文	5	15	824	122	82
末世化学家	1	16	145	90	15
末世化学家	3	15	614	550	24
末世化学家	3	15	723	75	15
末世化学家	3	97	641	468	77
末世化学家	7	15	1267	122	82
创新驱动发展战略	5	15	551	122	82
汉堡包的做法	2	15	238	112	15
汉堡包的做法	3	15	320	122	92
汉堡包的做法	3	157	320	122	92
汉堡包的做法	3	299	320	122	92
汉堡包的做法	3	441	320	122	92
汉堡包的做法	6	15	781	122	82
那些年那些兔	1	15	36	122	92
那些年那些兔	1	157	36	122	92
那些年那些兔	1	299	36	122	92
那些年那些兔	1	441	36	122	92
那些年那些兔	7	15	1029	122	82
婚纱照风格	5	15	763	122	82
天津社保	7	15	774	90	90
天津社保	7	130	774	90	90
天津社保	10	15	1187	122	82
西游记86版	1	26	168	120	15
西游记86版	1	26	292	41	15
西游记86版	1	67	292	41	15
西游记86版	7	15	851	122	82
给男朋友的留言	6	15	616	122	82
怎么接路由器	7	15	804	122	82
600999招商证券	5	15	767	122	82
三十六计孙子兵法原文	7	15	754	122	82
国标舞	2	15	96	122	92
国标舞	2	157	96	122	92
国标舞	2	299	96	122	92
国标舞	2	441	96	122	92
国标舞	6	15	605	122	82
宝贝开心五月天	5	15	486	122	92
宝贝开心五月天	5	157	486	122	92
宝贝开心五月天	5	299	486	122	92
宝贝开心五月天	5	441	486	122	92
战舰游戏	1	0	0	550	163
战舰游戏	1	26	47	140	118
战舰游戏	3	15	633	160	122
战舰游戏	6	15	1030	122	82
赛马视频	6	15	545	122	82
老毛桃	1	15	5	550	26
老毛桃	2	15	129	550	26
老毛桃	7	15	832	122	82
古惑仔江湖新秩序粤语高清	2	15	461	42	15
yuki解说	7	15	829	122	82
春天来了ppt课件	5	17	532	100	4
春天来了ppt课件	6	15	673	122	82
南大碎尸案	5	15	930	122	82
生化危机诅咒	3	15	586	55	15
生化危机诅咒	3	70	586	42	15
生化危机诅咒	3	112	586	42	15
生化危机诅咒	10	15	1462	122	82
免费虚拟主机	6	15	540	122	82
选文科的男生	6	15	856	122	82
tfboys偶像手记第二季	1	15	36	122	92
tfboys偶像手记第二季	1	157	36	122	92
tfboys偶像手记第二季	1	299	36	122	92
tfboys偶像手记第二季	1	441	36	122	92
tfboys偶像手记第二季	10	15	1176	122	82
搞笑故事	6	15	608	122	82
柳屯一中	7	15	861	122	82
青岛海底世界门票价格	1	15	5	550	26
青岛海底世界门票价格	1	15	107	112	15
青岛海底世界门票价格	6	15	786	122	82
钻石小鸟	1	15	5	550	26
钻石小鸟	3	15	257	79	93
钻石小鸟	5	0	0	122	92
钻石小鸟	7	15	780	90	90
钻石小鸟	7	130	780	90	90
钻石小鸟	7	245	780	90	90
钻石小鸟	7	360	780	90	90
钻石小鸟	7	475	780	90	90
钻石小鸟	8	15	993	122	82
卤鸡腿的做法	1	15	64	92	92
卤鸡腿的做法	2	15	263	122	92
卤鸡腿的做法	2	157	263	122	92
卤鸡腿的做法	2	299	263	122	92
卤鸡腿的做法	2	441	263	122	92
卤鸡腿的做法	7	15	933	122	82
中星9号	6	15	587	122	82
大染坊	1	26	168	120	15
大染坊	1	26	292	41	15
大染坊	1	67	292	67	15
大染坊	1	134	292	41	15
大染坊	1	175	292	41	15
大染坊	1	216	292	41	15
大染坊	1	257	292	41	15
大染坊	1	298	292	49	15
大染坊	1	347	292	41	15
大染坊	1	388	292	41	15
大染坊	1	429	292	41	15
大染坊	1	470	292	57	15
可可罗莉小号鞋	1	15	92	4	15
可可罗莉小号鞋	1	15	153	4	15
可可罗莉小号鞋	1	15	199	4	15
可可罗莉小号鞋	1	15	245	4	15
4月5日变形记	3	15	274	122	82
动物世界全集	2	15	482	120	15
动物世界全集	2	15	645	49	15
动物世界全集	2	15	775	197	15
动物世界全集	2	15	868	184	15
动物世界全集	2	15	961	184	15
动物世界全集	2	15	1054	184	15
青春进行时+电视剧	1	15	147	94	15
青春进行时+电视剧	5	15	613	122	82
天下hd电脑版	6	15	690	122	82
cf火线新兵	6	15	530	122	82
赞名片软件	6	15	572	122	82
激光生发头盔	2	15	164	4	15
激光生发头盔	2	15	210	4	15
激光生发头盔	2	15	256	4	15
激光生发头盔	2	15	317	4	15
激光生发头盔	8	15	1148	122	82
刀塔传奇兑换码	6	15	544	122	82
煎中药的正确方法	4	15	340	122	82
保尚家具	2	15	192	4	15
保尚家具	2	15	238	4	15
保尚家具	2	15	284	4	15
保尚家具	2	15	330	4	15
保尚家具	6	15	679	122	82
肾小球滤过率	2	15	177	550	42
肾小球滤过率	4	15	448	550	42
肾小球滤过率	7	15	959	122	82
贺卫方	1	35	55	122	122
贺卫方	2	35	239	122	92
贺卫方	2	197	239	122	92
贺卫方	2	359	239	122	92
贺卫方	2	521	239	122	92
贺卫方	8	15	1466	122	82
lol好听的名字	6	15	612	122	82
聚来宝登录	7	15	710	122	82
3d极乐宝鉴国语完整版	3	15	236	122	92
3d极乐宝鉴国语完整版	3	157	236	122	92
3d极乐宝鉴国语完整版	3	299	236	122	92
3d极乐宝鉴国语完整版	3	441	236	122	92
武书连2015大学排名	9	15	988	122	82
美丽谎言电视剧全集在线观看	1	26	168	120	15
美丽谎言电视剧全集在线观看	1	26	292	41	15
美丽谎言电视剧全集在线观看	1	67	292	67	15
美丽谎言电视剧全集在线观看	1	134	292	41	15
美丽谎言电视剧全集在线观看	1	175	292	41	15
美丽谎言电视剧全集在线观看	1	216	292	41	15
美丽谎言电视剧全集在线观看	1	257	292	41	15
美丽谎言电视剧全集在线观看	1	298	292	41	15
美丽谎言电视剧全集在线观看	1	339	292	57	15
美丽谎言电视剧全集在线观看	1	396	292	41	15
苹果手机掉了怎么找回	8	15	886	122	82
苹果手机掉了怎么找回	9	0	0	122	92
三国战纪2	2	15	180	160	122
三国战纪2	6	15	707	122	82
转基因西红柿	5	0	0	122	92
转基因西红柿	6	15	924	122	82
甜白酒的做法	5	15	622	122	82
兰州一日游	3	15	287	122	100
兰州一日游	3	15	387	122	100
兰州一日游	3	15	487	122	100
兰州一日游	3	15	587	122	100
兰州一日游	6	15	1151	122	82
弹弓打野鸡视频	4	15	348	122	92
弹弓打野鸡视频	4	157	366	122	92
弹弓打野鸡视频	4	299	366	122	92
弹弓打野鸡视频	4	441	366	122	92
弹弓打野鸡视频	5	15	567	122	82
万叶集	7	15	799	122	82
韩版小时代演员表	5	15	510	122	82
南瓜饼的做法大全图解	3	15	290	92	92
我的邻居山田君	1	16	37	120	160
我的邻居山田君	6	15	774	122	82
怎样去斑	4	26	405	4	15
怎样去斑	4	26	435	4	15
怎样去斑	4	26	465	4	15
怎样去斑	4	26	495	4	15
怎样去斑	7	15	978	122	82
怎样去斑	8	15	1218	67	67
悍马报价	7	15	653	122	82
韩国工资水平	6	15	856	122	82
木星上行迅雷高清	3	15	609	42	15
木星上行迅雷高清	6	15	891	122	82
澳门风云2+优酷	3	15	637	55	15
澳门风云2+优酷	3	70	637	42	15
澳门风云2+优酷	3	112	637	42	15
澳门风云2+优酷	3	154	637	55	15
澳门风云2+优酷	3	209	637	42	15
cf最新刷枪软件免费版	6	15	628	122	82
都市小道士	6	15	717	122	82
dnf爆无影剑艾格斯	6	15	622	122	82
唐山吧	9	15	1207	122	82
药房加盟	8	15	878	122	82
装甲核心	1	15	78	160	122
装甲核心	5	15	824	122	82
脾的位置图	6	15	834	550	22
抗日奇侠电视剧	1	26	168	120	15
抗日奇侠电视剧	1	26	292	41	15
抗日奇侠电视剧	1	67	292	54	15
公司法2014	5	15	484	122	82
碧血书香梦	6	15	677	122	82
重庆医疗改革事件	5	15	460	122	82
数学家的故事100字	6	15	847	122	82
去新加坡打工怎么样	6	15	652	122	82
十二路弹腿	6	15	639	122	82
怎样卡永久蓝钻	9	15	1080	122	82
变声期	5	15	559	122	82
变声期	6	15	815	550	42
增高方法	3	15	240	67	67
增高方法	6	15	696	122	82
增高方法	10	15	1306	550	42
全球鹰GS	5	15	738	122	82
经典单机游戏	6	15	797	122	82
新疆石河子职业技术学院	5	15	638	220	15
新疆石河子职业技术学院	6	15	715	122	82
新疆石河子职业技术学院	7	15	955	67	67
玛法达2015年星座运势	4	15	428	122	82
环太平洋2电影	1	15	36	122	92
环太平洋2电影	1	157	36	122	92
环太平洋2电影	1	299	36	122	92
环太平洋2电影	1	441	36	122	92
环太平洋2电影	6	15	796	122	82
60天提高400分	6	15	746	122	82
黄金价格走势图	5	15	547	122	82
英语歌	2	26	409	120	15
英语歌	2	26	563	120	15
英语歌	2	26	717	120	15
英语歌	2	26	871	120	15
英语歌	3	26	1032	90	15
英语歌	3	26	1140	90	15
英语歌	3	26	1248	90	15
英语歌	3	26	1356	90	15
英语歌	3	26	1464	90	15
一件令我感动的事600字	6	15	900	122	82
精武门甄子丹全集	1	26	168	120	15
精武门甄子丹全集	1	26	292	41	15
kate眉粉	3	15	363	4	15
kate眉粉	3	15	409	4	15
kate眉粉	3	15	455	4	15
kate眉粉	3	15	501	4	15
kate眉粉	7	15	924	122	82
冰河世纪3国语版	4	15	676	42	15
冰河世纪3国语版	4	57	676	55	15
冰河世纪3国语版	4	112	676	42	15
刀剑神域1	1	15	31	140	107
刀剑神域1	6	15	674	122	82
深海里的星星漫画	2	15	278	117	15
深海里的星星漫画	2	15	401	110	15
深海里的星星漫画	2	15	524	110	15
深海里的星星漫画	2	15	647	110	15
深海里的星星漫画	2	15	770	110	15
深海里的星星漫画	6	15	1205	122	82
呼噜小精灵3	1	15	31	140	107
呼噜小精灵3	7	15	805	122	82
鸡爪的做法大全	1	15	64	92	92
鸡爪的做法大全	6	15	693	122	82
鸡爪的做法大全	9	15	1175	550	42
花样男子动漫	1	15	179	120	15
花样男子动漫	1	15	275	63	32
花样男子动漫	6	15	827	122	82
思维导图图片	5	15	799	122	82
武林风4月4日	4	15	446	122	82
我的世界怎么遥控	6	15	644	122	82
毕业旅行	1	16	37	120	160
毕业旅行	6	15	813	67	67
毕业旅行	7	15	1000	122	82
猪猪侠10	1	15	10	122	162
猪猪侠10	6	15	821	122	82
范府大院	1	26	168	120	15
范府大院	1	26	292	41	15
范府大院	1	67	292	41	15
范府大院	1	108	292	42	15
范府大院	1	150	292	41	15
范府大院	1	191	292	41	15
范府大院	1	232	292	54	15
范府大院	1	286	292	41	15
范府大院	1	327	292	49	15
范府大院	1	376	292	41	15
范府大院	1	417	292	41	15
范府大院	1	458	292	41	15
黑马股票	7	15	731	122	82
北京电影学院表演学院	6	15	567	122	82
宜家装修样板间	1	15	138	4	15
宜家装修样板间	1	15	153	4	15
宜家装修样板间	1	15	168	4	15
宜家装修样板间	1	15	183	4	15
宜家装修样板间	1	15	198	4	15
宜家装修样板间	1	15	213	4	15
宜家装修样板间	1	15	228	4	15
宜家装修样板间	1	15	243	4	15
宜家装修样板间	1	0	0	190	15
宜家装修样板间	9	15	1077	122	82
qq勋章墙	6	15	636	122	82
六年级数学	1	15	36	122	92
六年级数学	1	157	36	122	92
六年级数学	1	299	36	122	92
六年级数学	1	441	36	122	92
六年级数学	6	15	771	122	82
六年级数学	8	15	1113	67	67
机械贼卡组	6	15	546	122	82
河津旅行社	1	15	287	220	15
河津旅行社	4	15	604	67	67
河津旅行社	6	15	983	122	82
变形计2014年全集杨桐	2	15	183	122	92
变形计2014年全集杨桐	2	157	183	122	92
变形计2014年全集杨桐	2	299	183	122	92
变形计2014年全集杨桐	2	441	183	122	92
武汉地铁规划图	5	15	794	122	82
葫芦娃找爷爷	1	15	31	4	15
葫芦娃找爷爷	1	15	241	72	15
葫芦娃找爷爷	1	15	346	72	15
葫芦娃找爷爷	1	15	451	72	15
葫芦娃找爷爷	1	15	556	72	15
葫芦娃找爷爷	1	15	661	72	15
葫芦娃找爷爷	1	15	766	72	15
葫芦娃找爷爷	2	15	918	160	122
高梓淇	1	35	55	122	122
高梓淇	2	35	577	92	122
高梓淇	2	164	577	92	122
高梓淇	2	293	577	92	122
高梓淇	2	422	577	92	122
高梓淇	2	551	577	92	122
高梓淇	3	35	837	75	15
高梓淇	3	35	882	610	18
高梓淇	7	15	1562	122	82
高梓淇	9	15	1904	67	67
仙路争锋	1	15	6	550	24
仙路争锋	1	15	115	75	15
仙路争锋	2	16	309	90	15
仙路争锋	7	15	1189	122	82
清明资料	6	15	635	122	82
九年级数学	1	15	36	122	92
九年级数学	1	157	36	122	92
九年级数学	1	299	36	122	92
九年级数学	1	441	36	122	92
九年级数学	7	15	688	122	82
水冷机箱	3	15	578	4	15
水冷机箱	3	15	624	4	15
水冷机箱	3	15	670	4	15
水冷机箱	3	15	731	4	15
水冷机箱	6	15	1099	122	82
秦时明月	1	26	168	120	15
秦时明月	1	26	292	41	15
秦时明月	1	67	292	54	15
秦时明月	1	121	292	41	15
秦时明月	1	162	292	49	15
秦时明月	1	211	292	41	15
秦时明月	1	252	292	57	15
秦时明月	10	15	1050	550	24
山西忻州创奇高中	4	15	595	122	82
武林风2015年3月28日	6	15	578	122	82
穿越小说下载	7	15	613	550	26
穿越小说下载	7	459	686	95	99
丰田皮卡	5	15	919	122	82
带妈妈回家电视剧全集	1	15	36	122	92
带妈妈回家电视剧全集	1	157	36	122	92
带妈妈回家电视剧全集	1	299	36	122	92
带妈妈回家电视剧全集	1	441	36	122	92
北京清明踏青好去处	4	15	482	122	82
孟良崮国家森林公园	2	15	273	219	15
孟良崮国家森林公园	3	15	417	122	82
孟良崮国家森林公园	3	15	520	122	82
孟良崮国家森林公园	3	15	623	122	82
孟良崮国家森林公园	3	15	726	122	82
孟良崮国家森林公园	5	15	1026	122	82
孟良崮国家森林公园	6	15	1429	220	15
怎么破解手机图案锁	5	15	466	122	82
威震三界	7	15	907	122	82
qq空间日记	7	15	663	122	82
僵尸大时代	1	16	37	120	160
僵尸大时代	7	15	1014	122	82
怎样清理c盘	6	15	568	122	82
巧克力图片	6	15	757	122	82
LOL比赛视频	3	15	238	122	92
LOL比赛视频	3	157	238	122	92
LOL比赛视频	3	299	238	122	92
LOL比赛视频	3	441	238	122	92
LOL比赛视频	6	15	645	122	82
韩雪的老公	4	15	726	122	82
福建一带一路龙头股	6	15	540	122	82
扇子舞红红的线	1	15	36	122	92
扇子舞红红的线	1	157	36	122	92
扇子舞红红的线	1	299	36	122	92
扇子舞红红的线	1	441	36	122	92
小米note双通	5	15	484	16	15
威虎山电影	1	15	36	122	92
威虎山电影	1	157	36	122	92
威虎山电影	1	299	36	122	92
威虎山电影	1	441	36	122	92
威虎山电影	7	15	1012	122	82
让我难忘的一件事400字	7	15	774	122	82
护士节活动方案	7	15	894	122	82
裤脚怎么卷好看	6	15	680	122	82
我的世界手机版存档	4	15	557	122	82
电脑赚钱软件	9	15	1034	122	82
发箍怎么戴好看	6	15	730	122	82
梦幻西游月卡	5	15	398	4	15
梦幻西游月卡	5	15	459	4	15
梦幻西游月卡	5	15	505	4	15
梦幻西游月卡	5	15	551	4	15
梦幻西游月卡	8	15	985	122	82
大陆小岛全集免费观看	1	26	168	120	15
大陆小岛全集免费观看	1	26	292	41	15
大陆小岛全集免费观看	1	67	292	67	15
大陆小岛全集免费观看	1	134	292	41	15
大陆小岛全集免费观看	1	175	292	54	15
大陆小岛全集免费观看	1	229	292	41	15
大陆小岛全集免费观看	1	270	292	41	15
大陆小岛全集免费观看	1	311	292	41	15
大陆小岛全集免费观看	1	352	292	49	15
大陆小岛全集免费观看	1	401	292	41	15
大陆小岛全集免费观看	1	442	292	41	15
石景山游乐园	3	15	734	220	15
石景山游乐园	5	15	811	122	82
2015最新说说	6	15	744	122	82
名词解释	6	15	602	122	82
羊脂白玉	2	15	615	4	15
羊脂白玉	2	15	661	4	15
羊脂白玉	2	15	722	4	15
羊脂白玉	2	15	768	4	15
羊脂白玉	9	15	1619	122	82
传奇SF	6	15	538	122	82
龙庆峡	3	15	673	122	82
龙庆峡	3	15	776	122	82
龙庆峡	3	15	879	122	82
龙庆峡	3	15	982	122	82
龙庆峡	5	15	1309	122	82
龙庆峡	9	15	1963	32	32
龙庆峡	9	15	2016	32	32
龙庆峡	9	15	2069	32	32
龙庆峡	9	15	2122	32	32
怎样修改群头像	6	15	614	122	82
洪荒封神	2	16	301	90	15
洪荒封神	9	15	1394	122	82
保健品行业分析报告	7	15	734	122	82
qq音乐2015年颁奖典礼	1	15	36	122	92
qq音乐2015年颁奖典礼	1	157	36	122	92
qq音乐2015年颁奖典礼	1	299	36	122	92
qq音乐2015年颁奖典礼	1	441	36	122	92
qq音乐2015年颁奖典礼	6	15	688	122	82
移动迷宫下载	5	15	487	550	26
移动迷宫下载	5	459	560	95	99
郑州大学排名2014排行	5	15	554	122	82
挖掘机模拟	1	15	78	160	122
挖掘机模拟	6	15	763	122	82
挖掘机模拟	8	15	1133	122	92
挖掘机模拟	8	157	1133	122	92
挖掘机模拟	8	299	1133	122	92
挖掘机模拟	8	441	1133	122	92
在线思维导图	5	15	632	122	82
武林群侠传攻略	7	26	968	202	152
武林群侠传攻略	9	0	0	550	163
武林群侠传攻略	9	26	1424	140	118
一代宗师影评	7	15	867	122	82
lol无法连接服务器	1	56	106	142	107
lol无法连接服务器	1	203	106	142	107
lol无法连接服务器	1	350	106	142	107
石家庄有哪些好玩的地方	1	15	122	122	92
石家庄有哪些好玩的地方	1	157	122	122	92
石家庄有哪些好玩的地方	1	299	122	122	92
石家庄有哪些好玩的地方	1	441	122	122	92
石家庄有哪些好玩的地方	1	15	241	122	92
石家庄有哪些好玩的地方	1	157	241	122	92
石家庄有哪些好玩的地方	1	299	241	122	92
石家庄有哪些好玩的地方	1	441	241	122	92
石家庄有哪些好玩的地方	3	15	611	122	82
石家庄有哪些好玩的地方	3	15	714	122	82
石家庄有哪些好玩的地方	3	15	817	122	82
石家庄有哪些好玩的地方	3	15	920	122	82
石家庄有哪些好玩的地方	7	15	1538	122	82
红玫瑰王俊凯	2	15	171	122	92
红玫瑰王俊凯	2	287	217	77	16
红玫瑰王俊凯	10	15	1210	122	82
鱼子酱的做法	3	15	290	92	92
鱼子酱的做法	6	15	761	122	82
吴昕恐高遭空中翻飞	10	15	972	92	92
好听的lol游戏名字	7	15	714	122	82
小米手机2	2	15	265	4	15
小米手机2	2	15	311	4	15
小米手机2	2	15	357	4	15
小米手机2	2	15	418	4	15
小米手机2	6	15	878	122	82
奈河桥	4	15	775	220	15
奈河桥	5	15	864	122	82
尖峰时刻3在哪看免费	6	15	591	122	82
尖峰时刻3在哪看免费	10	15	1618	42	15
尖峰时刻3在哪看免费	10	57	1618	42	15
广东体育节目表	9	15	1109	122	82
鬼泣3中文版	1	15	78	160	122
济南海底世界	8	15	1120	122	82
我的世界舞秋风	3	15	330	122	92
我的世界舞秋风	3	157	330	122	92
我的世界舞秋风	3	299	330	122	92
我的世界舞秋风	3	441	330	122	92
cs技巧	3	15	348	160	122
cs技巧	7	15	934	122	92
cs技巧	7	157	934	122	92
cs技巧	7	299	934	122	92
cs技巧	7	441	934	122	92
cs技巧	8	15	1152	122	82
功夫神医	1	16	145	90	15
功夫神医	7	15	1036	122	82
作文关于春天	6	15	854	122	82
陕西旅游年票一卡通2015景点	5	15	438	122	82
彭州牡丹	3	15	778	220	15
彭州牡丹	6	15	1059	122	82
精灵梦叶罗丽第1季	8	15	959	122	82
写真样片	1	17	225	100	4
写真样片	4	15	504	4	15
写真样片	4	15	565	4	15
写真样片	4	15	611	4	15
写真样片	4	15	657	4	15
写真样片	6	15	908	122	82
马鸣风萧萧电视剧	1	26	168	120	15
马鸣风萧萧电视剧	1	26	292	41	15
马鸣风萧萧电视剧	1	67	292	41	15
马鸣风萧萧电视剧	1	108	292	42	15
马鸣风萧萧电视剧	1	150	292	41	15
马鸣风萧萧电视剧	1	191	292	41	15
马鸣风萧萧电视剧	1	232	292	41	15
肾宝片的功效与作用	1	0	0	160	123
肾宝片的功效与作用	4	15	571	550	42
肾宝片的功效与作用	5	15	718	550	42
肾宝片的功效与作用	7	15	949	122	82
三菱吉普	5	15	781	122	82
现在买房合适吗2015	10	15	1016	122	82
融资融券利息	6	15	722	122	82
广东省汕头市	2	15	276	202	15
广东省汕头市	3	99	394	120	120
广东省汕头市	3	364	361	62	93
广东省汕头市	3	364	454	62	93
广东省汕头市	3	364	547	62	93
广东省汕头市	5	15	811	122	82
韩国风俗娘	9	15	855	122	82
迎驾贡酒价格表	6	15	544	122	82
许银川	1	35	55	122	122
许银川	2	35	239	122	92
许银川	2	197	239	122	92
许银川	2	359	239	122	92
许银川	2	521	239	122	92
许银川	6	15	1091	122	82
电视剧甄嬛传	1	26	168	120	15
电视剧甄嬛传	1	26	292	41	15
软考软件设计师真题	7	15	916	122	82
笔仙2	2	15	476	42	15
笔仙2	2	57	476	55	15
笔仙2	2	112	476	55	15
笔仙2	2	167	476	42	15
笔仙2	2	209	476	58	15
笔仙2	2	267	476	42	15
笔仙2	2	309	476	42	15
笔仙2	7	15	1115	122	82
加勒比海盗	1	15	36	92	122
加勒比海盗	1	118	36	92	122
加勒比海盗	1	221	36	92	122
加勒比海盗	1	324	36	92	122
加勒比海盗	6	15	898	122	82
qq皮男生肤	6	15	580	122	82
王祖蓝大婚	2	15	136	122	92
王祖蓝大婚	2	157	136	122	92
王祖蓝大婚	2	299	136	122	92
王祖蓝大婚	2	441	136	122	92
王祖蓝大婚	4	15	666	122	82
天珠变漫画	8	15	938	122	82
革命烈士诗歌	6	15	702	122	82
笔记本cpu排行榜	7	15	644	122	82
鹰狼传奇国语	4	15	702	42	15
明日歌	6	15	691	122	82
双离合	6	15	731	122	82
移动的枪口	7	15	785	122	82
燃烧电视剧全集土豆	1	15	36	122	92
燃烧电视剧全集土豆	1	157	36	122	92
燃烧电视剧全集土豆	1	299	36	122	92
燃烧电视剧全集土豆	1	441	36	122	92
计算机一级考试	2	15	161	122	92
计算机一级考试	2	157	161	122	92
计算机一级考试	2	299	161	122	92
计算机一级考试	2	441	161	122	92
计算机一级考试	8	15	1094	122	82
冰雪奇缘英文版电影	6	15	588	122	82
北京胸科医院	2	15	311	220	15
北京胸科医院	5	15	653	122	82
北京胸科医院	8	0	0	122	92
上善若水的理解	6	15	770	122	82
指南针怎么看方向	6	15	774	122	82
qq帐号申请	1	15	5	550	26
我是歌手双年巅峰视频	1	15	36	122	92
我是歌手双年巅峰视频	1	157	36	122	92
我是歌手双年巅峰视频	1	299	36	122	92
我是歌手双年巅峰视频	1	441	36	122	92
无奈的句子	7	15	684	122	82
lol无限火力活动	5	15	442	122	82
快递公司排名	6	15	656	122	82
信用卡逾期还款后果	6	15	660	122	82
破恨南飞原版视频	1	15	36	122	92
破恨南飞原版视频	1	157	36	122	92
破恨南飞原版视频	1	299	36	122	92
破恨南飞原版视频	1	441	36	122	92
耶稣的故事	2	15	138	122	92
耶稣的故事	2	157	138	122	92
耶稣的故事	2	299	138	122	92
耶稣的故事	2	441	138	122	92
耶稣的故事	9	15	1031	122	82
一句话日记	6	15	700	122	82
十二星座婚纱项链等	6	15	634	122	82
灵芝的功效与作用及禁忌	2	26	144	4	15
灵芝的功效与作用及禁忌	2	26	174	4	15
灵芝的功效与作用及禁忌	2	26	204	4	15
灵芝的功效与作用及禁忌	2	26	234	4	15
灵芝的功效与作用及禁忌	7	15	792	122	82
作文+心中有支欢乐的歌	3	15	352	122	82
晋级赛规则	10	15	1198	122	82
解放军理工大学	6	15	660	122	82
寻找遗失的未来	1	15	10	122	162
寻找遗失的未来	5	15	807	122	82
win7开机慢	5	15	536	122	82
水煎包	1	15	64	92	92
水煎包	5	15	827	122	82
36选7	5	15	448	122	82
舌尖上的家	6	15	582	122	82
优秀作文300字	9	15	1304	122	82
战狼免费观看	1	26	168	120	15
战狼免费观看	1	26	292	67	15
战狼免费观看	1	93	292	41	15
战狼免费观看	1	134	292	54	15
战狼免费观看	1	188	292	41	15
战狼免费观看	1	229	292	49	15
战狼免费观看	1	278	292	41	15
战狼免费观看	1	319	292	41	15
战狼免费观看	1	360	292	41	15
战狼免费观看	1	401	292	57	15
战狼免费观看	1	458	292	41	15
民间风水口诀	6	15	610	122	82
王祖贤	1	35	55	122	122
王祖贤	2	35	281	92	122
王祖贤	2	164	281	92	122
王祖贤	2	293	281	92	122
王祖贤	2	422	281	92	122
王祖贤	2	551	281	92	122
王祖贤	8	15	1245	122	82
王祖贤	10	0	0	100	103
澳门风云2国语	2	15	507	55	15
澳门风云2国语	2	70	507	42	15
澳门风云2国语	2	112	507	42	15
澳门风云2国语	2	154	507	55	15
澳门风云2国语	2	209	507	42	15
澳门风云2国语	8	15	1293	122	82
红警4大国崛起	1	15	5	550	26
红警4大国崛起	1	459	78	95	99
红警4大国崛起	6	15	713	122	82
sd卡修复工具	1	15	5	550	26
sd卡修复工具	6	15	743	122	82
赏樱花有感	5	15	510	122	82
战狼吴京高清完整版	2	15	507	42	15
战狼吴京高清完整版	2	57	507	55	15
战狼吴京高清完整版	2	112	507	42	15
战狼吴京高清完整版	5	15	797	122	82
冬日十七天	1	16	37	120	160
冬日十七天	6	15	699	122	82
会计的工作内容	6	15	684	122	82
张全蛋	3	15	261	122	92
张全蛋	3	157	261	122	92
张全蛋	3	299	261	122	92
张全蛋	3	441	261	122	92
张全蛋	8	15	1143	122	82
好看的qq头像	8	15	1065	122	82
陕北说书	1	0	0	122	92
陕北说书	5	15	533	122	82
陕北说书	9	15	1222	122	92
陕北说书	9	157	1222	122	92
陕北说书	9	299	1222	122	92
陕北说书	9	441	1222	122	92
手工制作动物大全	7	15	742	122	82
特码资料	2	0	0	122	92
特码资料	5	15	504	122	82
酷屏5下载	3	15	237	550	26
进口拉杆箱	1	15	189	4	15
进口拉杆箱	1	15	235	4	15
进口拉杆箱	1	15	296	4	15
进口拉杆箱	1	15	357	4	15
进口拉杆箱	7	15	1017	122	82
我的世界光影	6	15	779	122	82
lol大嘴	1	15	35	90	90
lol大嘴	1	60	177	55	50
lol大嘴	1	125	177	55	50
lol大嘴	1	244	177	55	50
lol大嘴	1	309	177	55	50
lol大嘴	1	374	177	55	50
lol大嘴	1	60	243	55	50
lol大嘴	1	125	243	55	50
lol大嘴	1	190	243	55	50
lol大嘴	1	255	243	55	50
lol大嘴	1	320	243	55	50
lol大嘴	1	385	243	55	50
lol大嘴	2	15	401	122	92
lol大嘴	2	157	401	122	92
lol大嘴	2	299	401	122	92
lol大嘴	2	441	401	122	92
lol大嘴	5	15	823	122	82
exo综艺节目	1	15	36	122	92
exo综艺节目	1	157	36	122	92
exo综艺节目	1	299	36	122	92
exo综艺节目	1	441	36	122	92
exo综艺节目	10	15	1211	122	82
封神演义	3	15	631	42	15
封神演义	3	57	631	42	15
封神演义	3	99	631	42	15
封神演义	4	15	681	550	24
封神演义	4	15	790	75	15
封神演义	7	15	1120	122	82
封神演义	9	15	1587	44	15
封神演义	9	15	1587	134	15
封神演义	9	15	1710	117	15
封神演义	9	15	1833	117	15
封神演义	9	15	1956	117	15
封神演义	9	15	2079	117	15
桂林电子科技大学	4	35	687	220	15
桂林电子科技大学	7	15	1120	122	82
蒲公英的岁月	5	15	592	122	82
御捷马	6	15	609	122	82
姚峰+三十	9	15	930	122	82
血压低怎么办	5	15	646	122	82
血压低怎么办	6	15	902	550	42
麦当劳宅急送	4	15	340	89	150
麦当劳宅急送	5	15	534	122	82
tfboys易烊千玺	2	15	482	120	15
tfboys易烊千玺	2	15	600	41	15
tfboys易烊千玺	2	15	730	197	15
tfboys易烊千玺	2	15	823	184	15
tfboys易烊千玺	2	15	916	184	15
tfboys易烊千玺	2	15	1009	184	15
tfboys易烊千玺	7	15	1706	122	82
澳门风云1电影	2	15	476	42	15
澳门风云1电影	2	57	476	55	15
澳门风云1电影	2	112	476	42	15
澳门风云1电影	2	154	476	42	15
澳门风云1电影	2	196	476	42	15
澳门风云1电影	2	238	476	42	15
澳门风云1电影	8	15	1263	122	82
ehshig蒙古音乐盒	7	15	646	122	82
东山飘雨西关晴电视剧	1	26	168	120	15
东山飘雨西关晴电视剧	1	26	292	54	15
东山飘雨西关晴电视剧	7	15	1296	122	82
加入亚投行的国家名单	5	15	514	122	82
杂粮的种类	5	15	629	122	82
四平天气预报15天	1	99	72	120	120
四平天气预报15天	1	366	39	63	93
四平天气预报15天	1	366	132	63	93
四平天气预报15天	1	366	225	63	93
四平天气预报15天	6	15	1076	122	82
济宁房价	6	15	540	122	82
英语ppt下载	2	17	136	100	4
时政新闻2015	8	15	876	122	82
武汉大学	4	35	709	220	15
武汉大学	7	15	1169	72	15
武汉大学	9	15	1557	122	82
发型设计男	5	15	747	122	82
发型设计男	6	15	1043	4	15
发型设计男	6	15	1104	4	15
发型设计男	6	15	1165	4	15
发型设计男	6	15	1226	4	15
芜湖港股票	8	15	1106	550	26
芜湖港股票	8	232	1110	41	19
芜湖港股票	9	15	1208	550	26
芜湖港股票	9	412	1212	41	19
丽水信息港	1	15	5	550	26
丽水信息港	3	15	264	67	67
微信公众平台使用方法	4	15	432	122	82
旅游合同案例分析	7	15	798	122	82
小学生身高体重标准表	8	15	956	122	82
北京地铁7号线东延	1	0	0	122	92
北京地铁7号线东延	3	15	348	122	82
神堂峪自然风景区	2	15	387	220	15
神堂峪自然风景区	4	15	875	122	92
神堂峪自然风景区	4	157	875	122	92
神堂峪自然风景区	4	299	875	122	92
神堂峪自然风景区	4	441	875	122	92
神堂峪自然风景区	4	15	994	122	92
神堂峪自然风景区	4	157	994	122	92
神堂峪自然风景区	4	299	994	122	92
神堂峪自然风景区	4	441	994	122	92
神堂峪自然风景区	5	15	1262	122	82
神堂峪自然风景区	5	15	1365	122	82
神堂峪自然风景区	5	15	1468	122	82
神堂峪自然风景区	5	15	1571	122	82
神堂峪自然风景区	9	15	2080	122	82
南京曙光硅烷化工有限公司	3	15	371	220	15
广告合同范本	6	15	607	122	82
逆战怎么刷死神镰刀	6	15	730	122	92
逆战怎么刷死神镰刀	6	157	730	122	92
逆战怎么刷死神镰刀	6	299	730	122	92
逆战怎么刷死神镰刀	6	441	730	122	92
龙口最新招聘信息	8	15	748	122	82
民间非营利组织会计制度	7	15	631	122	82
海咪咪小姐吉他谱	9	15	844	122	82
大海啊故乡简谱	5	15	654	122	82
音乐下载	2	26	409	120	15
音乐下载	2	26	563	120	15
音乐下载	2	26	717	120	15
音乐下载	2	26	871	120	15
音乐下载	3	26	1032	90	15
音乐下载	3	26	1140	90	15
音乐下载	3	26	1248	90	15
音乐下载	3	26	1356	90	15
音乐下载	3	26	1464	90	15
音乐下载	5	45	1578	42	15
音乐下载	5	45	1623	42	15
音乐下载	5	45	1668	42	15
音乐下载	5	45	1713	42	15
音乐下载	5	45	1758	42	15
我的世界末地传送门	2	15	138	122	92
我的世界末地传送门	2	157	138	122	92
我的世界末地传送门	2	299	138	122	92
我的世界末地传送门	2	441	138	122	92
我的世界末地传送门	8	15	937	122	82
阿甘正传电影免费	4	15	680	42	15
阿甘正传电影免费	4	57	680	55	15
阿甘正传电影免费	4	112	680	42	15
阿甘正传电影免费	4	154	680	42	15
阿甘正传电影免费	4	196	680	55	15
阿甘正传电影免费	4	251	680	42	15
脚扭伤了怎么办	6	15	610	122	82
酷屏5	2	15	85	550	26
迪斯科音乐	5	15	528	122	92
迪斯科音乐	5	157	528	122	92
迪斯科音乐	5	299	528	122	92
迪斯科音乐	5	441	528	122	92
迪斯科音乐	6	15	746	122	82
清明节PPT	5	17	554	100	4
清明节PPT	6	15	695	122	82
清明节PPT	10	17	1307	100	4
荷包豆	3	15	403	4	15
荷包豆	3	15	449	4	15
荷包豆	3	15	495	4	15
荷包豆	3	15	541	4	15
荷包豆	6	15	917	122	82
琥珀核桃仁的做法	2	15	166	92	92
琥珀核桃仁的做法	3	15	365	122	92
琥珀核桃仁的做法	3	157	365	122	92
琥珀核桃仁的做法	3	299	365	122	92
琥珀核桃仁的做法	3	441	365	122	92
琥珀核桃仁的做法	6	15	877	122	82
美拍视频	2	15	136	122	92
美拍视频	2	157	136	122	92
美拍视频	2	299	136	122	92
美拍视频	2	441	136	122	92
美拍视频	6	15	676	67	67
美拍视频	7	15	863	122	82
每天一碗美容养生粥	6	15	660	122	82
亚索视频	3	15	242	122	92
亚索视频	3	157	248	122	92
亚索视频	3	299	248	122	92
亚索视频	3	441	248	122	92
亚索视频	6	15	678	122	82
亚索视频	8	15	1027	90	90
亚索视频	8	60	1169	55	50
亚索视频	8	125	1169	55	50
亚索视频	8	244	1169	55	50
亚索视频	8	309	1169	55	50
亚索视频	8	374	1169	55	50
亚索视频	8	439	1169	55	50
亚索视频	8	60	1235	55	50
亚索视频	8	125	1235	55	50
亚索视频	8	190	1235	55	50
亚索视频	8	255	1235	55	50
亚索视频	8	320	1235	55	50
亚索视频	8	385	1235	55	50
包粽子视频	1	15	36	122	92
包粽子视频	1	157	36	122	92
包粽子视频	1	299	36	122	92
包粽子视频	1	441	36	122	92
包粽子视频	6	15	726	122	82
烫发发型图片	8	15	1054	122	82
中央12台普法栏目剧	8	15	910	122	82
秋葵图片	4	17	685	100	4
秋葵图片	5	15	826	122	82
本田pilot	6	15	690	122	82
刘翔的评价	7	15	1024	122	82
湖北国税	6	15	858	220	15
湖北国税	7	15	935	122	82
QQ浏览器联营活动	8	15	748	122	82
怎样做微商	2	0	0	122	92
怎样做微商	5	15	747	67	67
作文教学反思	6	15	584	122	82
修罗老鬼终结6	4	15	342	122	92
修罗老鬼终结6	4	157	342	122	92
修罗老鬼终结6	4	299	342	122	92
修罗老鬼终结6	4	441	342	122	92
战狼电视剧全集吴京	2	15	182	122	92
战狼电视剧全集吴京	2	157	182	122	92
战狼电视剧全集吴京	2	299	182	122	92
战狼电视剧全集吴京	2	441	182	122	92
战狼电视剧全集吴京	7	15	1031	122	82
奥迪q7报价及图片	1	15	334	154	15
奥迪q7报价及图片	1	15	456	124	15
奥迪q7报价及图片	1	152	456	124	15
奥迪q7报价及图片	1	289	456	124	15
奥迪q7报价及图片	1	426	456	124	15
游子阾	3	15	306	92	92
婴幼儿毛衣编织	6	15	880	122	82
婴幼儿毛衣编织	10	15	1426	122	92
婴幼儿毛衣编织	10	157	1426	122	92
婴幼儿毛衣编织	10	299	1426	122	92
婴幼儿毛衣编织	10	441	1426	122	92
未来的家乡作文	6	15	678	122	82
2013年广东高考历史卷	6	15	788	122	82
海苔亿万富翁	2	15	461	42	15
海苔亿万富翁	7	15	1114	122	82
苹果手机7代图片	5	15	844	122	82
新加坡大学排名	7	15	889	122	82
泰国电视剧排行榜	5	15	444	122	82
最新退休年龄新规定	3	15	328	122	82
2015奶粉品牌排行榜	6	15	564	122	82
计算机论文	6	15	585	122	82
巧虎乐智小天地学习版	1	15	36	122	92
巧虎乐智小天地学习版	1	157	36	122	92
巧虎乐智小天地学习版	1	299	36	122	92
巧虎乐智小天地学习版	1	441	36	122	92
巧虎乐智小天地学习版	10	15	1074	122	82
win7摄像头	1	15	5	550	26
win7摄像头	6	15	811	122	82
7原罪动漫	1	15	31	140	107
7原罪动漫	7	15	845	122	82
20以内退位减法	6	15	772	122	82
十一套健身球	6	15	583	122	82
华南科技大学是985	5	15	490	122	82
dnf剑豪加点	7	15	736	122	82
三亚最新招聘信息	5	15	446	122	82
QQ在线登陆	1	15	5	550	26
QQ在线登陆	8	15	726	122	82
描写花的作文	6	15	950	122	82
三字经	1	15	64	21	19
三字经	1	15	83	21	19
三字经	1	15	102	21	19
三字经	1	15	121	21	19
三字经	1	15	140	21	19
三字经	1	0	0	218	39
三字经	2	15	213	122	162
三字经	6	15	772	122	82
三字经	9	15	1309	122	92
牛仔裤怎么卷裤脚好看	10	15	1066	122	82
win10序列号	9	15	1033	122	82
电压锅蛋糕的制作方法	2	15	188	92	92
电压锅蛋糕的制作方法	4	15	489	122	82
吹风造型视频	1	15	36	122	92
吹风造型视频	1	157	36	122	92
吹风造型视频	1	299	36	122	92
吹风造型视频	1	441	36	122	92
吹风造型视频	8	15	888	122	82
自制酸奶	2	15	166	92	92
自制酸奶	9	15	1372	67	67
骄蛮甜心	9	15	1026	122	82
复方血栓通软胶囊	1	0	0	160	123
复方血栓通软胶囊	7	15	833	122	82
复方血栓通软胶囊	10	15	1293	550	42
短息群发	7	15	663	122	82
路虎发现神行者	5	15	808	122	82
怎么素描	7	15	901	122	82
西游记的故事动画片	1	15	10	122	162
西游记的故事动画片	6	15	746	122	82
s5赛季奖励	5	15	440	122	82
赠予效应	5	15	530	122	82
mp3歌曲免费下载大全	2	26	409	120	15
mp3歌曲免费下载大全	2	26	563	120	15
mp3歌曲免费下载大全	2	26	717	120	15
mp3歌曲免费下载大全	2	26	871	120	15
mp3歌曲免费下载大全	3	26	1032	90	15
mp3歌曲免费下载大全	3	26	1140	90	15
mp3歌曲免费下载大全	3	26	1248	90	15
mp3歌曲免费下载大全	3	26	1356	90	15
mp3歌曲免费下载大全	3	26	1464	90	15
mp3歌曲免费下载大全	9	15	1997	122	82
像小强一样活着	2	15	476	42	15
像小强一样活着	2	57	476	58	15
像小强一样活着	8	15	1282	122	82
像小强一样活着	9	15	1522	67	67
嘎鱼炖豆腐	6	15	685	122	82
学历证明	6	15	976	122	82
2015属羊起名	5	15	492	122	82
淘宝兼职吧	6	15	630	122	82
卡片斗士翔国语版	1	15	10	122	162
大型公益节目《等着我》	1	15	36	122	92
大型公益节目《等着我》	1	157	36	122	92
大型公益节目《等着我》	1	299	36	122	92
大型公益节目《等着我》	1	441	36	122	92
大型公益节目《等着我》	4	15	494	122	82
榛子的功效与作用	4	15	414	122	82
思南龙灯	5	15	470	122	82
河南小调	1	15	36	122	92
河南小调	1	157	36	122	92
河南小调	1	299	36	122	92
河南小调	1	441	36	122	92
河南小调	6	15	704	122	82
盛天小世界	1	26	42	77	15
盛天小世界	5	15	542	122	82
盛天小世界	6	0	0	122	92
民间借贷司法解释	5	15	508	122	82
巧克力转印	1	15	64	4	15
巧克力转印	1	15	110	4	15
巧克力转印	1	15	156	4	15
巧克力转印	1	15	202	4	15
巧克力转印	10	15	1219	122	82
3地图库	6	15	553	550	26
3地图库	6	459	626	95	99
3地图库	9	15	1051	122	82
小鸡炖土豆	7	15	736	122	82
虎跳峡	2	15	130	550	26
虎跳峡	2	15	232	112	15
虎跳峡	3	15	442	122	82
虎跳峡	3	15	545	122	82
虎跳峡	3	15	648	122	82
虎跳峡	3	15	751	122	82
虎跳峡	4	15	1037	32	32
虎跳峡	4	15	1090	32	32
虎跳峡	4	15	1143	32	32
虎跳峡	4	15	1196	32	32
虎跳峡	4	15	1249	32	32
保证函范本	5	15	528	122	82
济南轻轨最新规划图	5	15	799	122	82
重庆医疗调价被叫停	4	15	362	122	82
重庆医疗调价被叫停	6	15	702	122	92
重庆医疗调价被叫停	6	157	702	122	92
重庆医疗调价被叫停	6	299	702	122	92
重庆医疗调价被叫停	6	441	702	122	92
南京晓庄学院	2	35	474	220	15
南京晓庄学院	8	15	1264	122	82
瑞文视频s5	1	15	36	122	92
瑞文视频s5	1	157	36	122	92
瑞文视频s5	1	299	36	122	92
瑞文视频s5	1	441	36	122	92
驯龙骑士国语版	2	15	507	42	15
驯龙骑士国语版	2	57	507	42	15
驯龙骑士国语版	2	99	507	42	15
驯龙骑士国语版	7	15	1071	122	82
公司组织结构	7	15	747	122	82
毛泽东的故事	2	15	461	55	15
毛泽东的故事	7	15	1090	122	82
凤凰军机处	1	15	36	122	92
凤凰军机处	1	157	36	122	92
凤凰军机处	1	299	36	122	92
凤凰军机处	1	441	36	122	92
凤凰军机处	6	15	665	122	82
高中生物必修一	3	15	326	122	92
高中生物必修一	3	157	326	122	92
高中生物必修一	3	299	326	122	92
高中生物必修一	3	441	326	122	92
高中生物必修一	10	15	1343	122	82
广告词大全幽默	6	15	538	122	82
我的二哥二艘电视剧	1	26	198	120	15
我的二哥二艘电视剧	1	26	322	41	15
我的二哥二艘电视剧	1	67	322	67	15
我的二哥二艘电视剧	1	134	322	41	15
我的二哥二艘电视剧	1	175	322	54	15
我的二哥二艘电视剧	1	229	322	41	15
我的二哥二艘电视剧	1	270	322	41	15
我的二哥二艘电视剧	1	311	322	41	15
我的二哥二艘电视剧	1	352	322	49	15
我的二哥二艘电视剧	1	401	322	41	15
我的二哥二艘电视剧	1	442	322	41	15
我的二哥二艘电视剧	1	483	322	57	15
公司理念大全	6	15	584	122	82
公司理念大全	7	0	0	122	92
端午节作文	6	15	784	122	82
都市征伐	1	15	36	122	92
都市征伐	1	157	36	122	92
都市征伐	1	299	36	122	92
都市征伐	1	441	36	122	92
都市征伐	7	15	1050	122	82
辽宁装备制造职业技术学院	5	35	703	220	15
辽宁装备制造职业技术学院	7	15	1024	122	82
牛奶鸡蛋羹	1	15	64	92	92
牛奶鸡蛋羹	6	15	738	122	82
无上圣尊	7	15	817	122	82
九年庆典新手包	7	15	732	122	82
十一维空间	8	15	947	122	82
贷款利息计算公式	6	15	846	122	82
春天的作文	6	15	828	122	82
最新的新闻	5	15	590	122	82
2015年深圳房价走势	4	15	518	122	82
lol视频站	7	15	692	122	82
地板砖价格	1	15	235	4	15
地板砖价格	1	15	281	4	15
地板砖价格	1	15	342	4	15
地板砖价格	1	15	403	4	15
地板砖价格	2	15	569	127	127
地板砖价格	2	156	569	127	127
地板砖价格	2	297	569	127	127
地板砖价格	2	15	761	127	127
地板砖价格	6	15	1594	122	82
萌娘守护者	1	16	145	90	15
萌娘守护者	3	15	614	550	24
萌娘守护者	3	15	723	75	15
萌娘守护者	3	97	641	468	77
群发器2015免费版	7	15	674	122	82
幼儿园大班数学教案	7	15	682	122	82
忍者棒球	1	15	5	550	26
忍者棒球	6	15	799	122	82
数码宝贝游戏	5	15	461	550	26
数码宝贝游戏	7	15	860	122	82
户外游戏活动方案	8	15	876	122	82
终结者3免费在线看	4	15	800	42	15
终结者3免费在线看	4	57	800	55	15
终结者3免费在线看	4	112	800	42	15
终结者3免费在线看	4	154	800	42	15
苹果id	5	15	541	122	82
包头日报	3	15	238	67	67
变形计11季	4	15	362	122	92
变形计11季	4	157	362	122	92
变形计11季	4	299	362	122	92
变形计11季	4	441	362	122	92
变形计11季	6	15	690	122	82
描写春天的古诗	8	15	922	122	82
房祖名	2	15	579	75	15
房祖名	3	0	0	122	92
房祖名	4	15	951	92	122
房祖名	4	129	951	92	122
房祖名	4	243	951	92	122
房祖名	4	357	951	92	122
房祖名	4	471	951	92	122
房祖名	5	15	1201	122	82
雅漾喷雾使用方法	5	15	666	122	82
yy语音	1	15	5	550	26
yy语音	2	15	150	550	26
yy语音	7	15	964	122	82
2015变形记	2	15	516	120	15
2015变形记	2	15	679	57	15
2015变形记	2	15	809	197	15
2015变形记	2	15	902	184	15
2015变形记	2	15	995	184	15
2015变形记	2	15	1088	184	15
2015变形记	6	15	1663	122	82
司法改革	3	0	0	122	92
司法改革	6	15	819	122	82
司法改革	8	15	1159	67	67
司法改革	10	15	1424	122	92
司法改革	10	157	1424	122	92
司法改革	10	299	1424	122	92
司法改革	10	441	1424	122	92
电缆载流量计算公式	4	15	488	550	26
电缆载流量计算公式	4	267	492	41	19
电缆载流量计算公式	7	15	844	122	82
幼儿园读书日活动方案	5	15	724	122	82
港股通股票名单	7	15	632	550	26
港股通股票名单	7	168	636	41	19
港股通股票名单	8	15	764	122	82
港股通股票名单	10	15	1076	550	26
港股通股票名单	10	312	1080	41	19
班组建设方案	6	15	718	122	82
胃热的症状及治疗	3	15	400	550	42
胃热的症状及治疗	4	15	524	550	42
领取头像lol	6	15	635	122	82
离开地球表面	6	15	825	122	82
离开地球表面	8	15	1195	122	92
离开地球表面	8	157	1195	122	92
离开地球表面	8	299	1195	122	92
离开地球表面	8	441	1195	122	92
20以内加减法口算题	6	15	626	122	82
母仪天下	1	26	168	120	15
母仪天下	1	26	292	42	15
母仪天下	8	15	1416	122	82
母仪天下	9	15	1838	550	24
母仪天下	9	15	1947	75	15
母仪天下	9	97	1865	468	77
宜居木门	2	15	164	4	15
宜居木门	2	15	210	4	15
宜居木门	2	15	256	4	15
宜居木门	2	15	302	4	15
宜居木门	8	15	878	122	82
cf视频	1	15	139	160	15
cf视频	1	15	381	215	15
cf视频	1	15	510	215	15
cf视频	1	15	639	222	15
cf视频	5	15	1075	122	92
cf视频	5	157	1075	122	92
cf视频	5	299	1075	122	92
cf视频	5	441	1075	122	92
cf视频	6	15	1276	122	82
cf视频	9	26	1832	202	152
特殊工种有哪些	6	15	700	122	82
河北梆子名段欣赏	1	15	36	122	92
河北梆子名段欣赏	1	157	36	122	92
河北梆子名段欣赏	1	299	36	122	92
河北梆子名段欣赏	1	441	36	122	92
玛瑙的功效与作用	6	15	778	122	82
南京话搞笑视频	1	15	36	122	92
南京话搞笑视频	1	157	36	122	92
南京话搞笑视频	1	299	36	122	92
南京话搞笑视频	1	441	36	122	92
南京话搞笑视频	10	15	1095	122	82
幼儿园小班教育笔记	6	15	608	122	82
卖家评价语	5	15	596	122	82
簸箕炊的做法	9	15	1080	122	82
日照渔家乐	2	15	291	220	15
日照渔家乐	5	15	568	67	67
日照渔家乐	9	15	1057	122	82
文特沃斯·厄尔·米勒三世	1	35	55	122	122
形而上学	6	15	666	122	82
美猴王	1	15	10	122	162
美猴王	5	15	833	122	82
美猴王	7	0	0	122	92
廊坊旅行社	3	15	529	220	15
廊坊旅行社	6	15	848	122	82
近年来高校大学生创新训练项目	2	15	196	550	26
近年来高校大学生创新训练项目	2	458	200	41	19
近年来高校大学生创新训练项目	3	15	328	122	82
走廊吊顶效果图	4	15	666	122	82
我是歌手中奖信息是真的吗	8	15	836	122	82
手编手链	4	15	586	4	15
手编手链	4	15	632	4	15
手编手链	4	15	693	4	15
手编手链	4	15	754	4	15
手编手链	7	15	1192	122	82
手编手链	8	17	1432	100	4
move+free维骨力	5	15	440	122	82
3194错误的解决方法	7	15	905	122	82
赛轮金宇股票	6	15	939	122	82
黄一鸣	5	15	1384	92	92
黄一鸣	6	15	1532	122	82
小小新娘花歌曲	6	15	687	122	82
小小新娘花歌曲	10	15	1419	120	15
小小新娘花歌曲	10	15	1543	120	15
小小新娘花歌曲	10	15	1667	120	15
小小新娘花歌曲	10	15	1791	120	15
小小新娘花歌曲	10	15	1915	120	15
小小新娘花歌曲	10	15	2039	120	15
小小新娘花歌曲	10	15	2163	120	15
小小新娘花歌曲	10	15	2287	120	15
小小新娘花歌曲	10	15	2411	120	15
小小新娘花歌曲	10	15	2535	120	15
小小新娘花歌曲	10	15	2659	120	15
小小新娘花歌曲	10	15	2783	120	15
丽东化工	6	15	652	122	82
芋头糕	2	15	388	92	92
芋头糕	5	15	814	122	82
腌黄瓜	3	15	290	92	92
腌黄瓜	6	15	716	122	82
河北省公务员考试真题	6	15	568	122	82
奥里与迷失森林攻略	7	15	684	122	82
川崎玫瑰折法视频	1	15	36	122	92
川崎玫瑰折法视频	1	157	36	122	92
川崎玫瑰折法视频	1	299	36	122	92
川崎玫瑰折法视频	1	441	36	122	92
川崎玫瑰折法视频	7	15	844	122	82
隋唐英雄传5薛刚反唐	1	26	168	120	15
隋唐英雄传5薛刚反唐	1	26	292	41	15
隋唐英雄传5薛刚反唐	1	67	292	54	15
隋唐英雄传5薛刚反唐	1	121	292	41	15
隋唐英雄传5薛刚反唐	1	162	292	41	15
隋唐英雄传5薛刚反唐	1	203	292	41	15
隋唐英雄传5薛刚反唐	1	244	292	49	15
隋唐英雄传5薛刚反唐	1	293	292	41	15
隋唐英雄传5薛刚反唐	1	334	292	41	15
隋唐英雄传5薛刚反唐	1	375	292	41	15
隋唐英雄传5薛刚反唐	1	416	292	57	15
泰国免税店购物攻略	7	15	882	122	82
兰舍硅藻泥缺点与优点	6	15	540	122	82
精神文明建设工作计划	6	15	538	122	82
第二次印巴战争	8	15	970	122	82
奇异果和猕猴桃的区别	7	15	850	122	82
炉石传说新手攻略	9	15	1064	122	82
恶虎村	1	16	37	120	160
恶虎村	6	15	1069	122	82
尼尔·伍德	5	15	785	122	82
我的世界奇怪君	1	15	36	162	122
我的世界奇怪君	1	15	168	50	32
我的世界奇怪君	1	15	210	122	92
我的世界奇怪君	1	157	210	122	92
我的世界奇怪君	1	299	210	122	92
我的世界奇怪君	1	441	210	122	92
我的世界奇怪君	6	15	884	122	82
西游降魔篇电影	2	15	507	42	15
西游降魔篇电影	7	15	1173	122	82
饥饿游戏	1	15	36	92	122
饥饿游戏	1	118	36	92	122
饥饿游戏	1	221	36	92	122
饥饿游戏	1	324	36	92	122
饥饿游戏	8	15	1607	122	82
菊李商隐	8	15	949	122	82
金锁固精丸的功效与作用	7	15	907	122	82
奶油蛋糕的做法	1	15	64	92	92
奶油蛋糕的做法	5	15	591	122	92
奶油蛋糕的做法	5	157	591	122	92
奶油蛋糕的做法	5	299	591	122	92
奶油蛋糕的做法	5	441	591	122	92
奶油蛋糕的做法	6	15	809	122	82
岳阳楼	2	15	247	32	32
岳阳楼	2	15	300	32	32
岳阳楼	2	15	353	32	32
岳阳楼	2	15	406	32	32
岳阳楼	2	15	459	32	32
岳阳楼	3	15	709	202	15
岳阳楼	6	15	893	122	82
岳阳楼	7	15	1200	122	82
岳阳楼	7	15	1303	122	82
岳阳楼	7	15	1406	122	82
岳阳楼	7	15	1509	122	82
北医六院	4	15	574	220	15
北医六院	5	15	651	122	82
八极拳	1	15	124	120	15
八极拳	1	15	248	120	15
八极拳	1	15	372	120	15
八极拳	1	15	496	120	15
八极拳	1	15	620	120	15
八极拳	1	15	744	120	15
八极拳	1	15	868	120	15
八极拳	1	15	992	120	15
八极拳	4	15	1481	122	92
八极拳	4	157	1481	122	92
八极拳	4	299	1481	122	92
八极拳	4	441	1481	122	92
八极拳	9	15	2352	122	82
重阳节的来历和习俗	1	26	79	75	15
重阳节的来历和习俗	5	15	763	122	82
win7耳机没声音怎么设置	6	15	686	122	82
春天在哪里教案	6	15	626	122	82
学汉字视频	1	15	36	122	92
学汉字视频	1	157	36	122	92
学汉字视频	1	299	36	122	92
学汉字视频	1	441	36	122	92
学汉字视频	6	15	648	122	82
黄河颂朗诵	1	15	36	122	92
黄河颂朗诵	1	157	36	122	92
黄河颂朗诵	1	299	36	122	92
黄河颂朗诵	1	441	36	122	92
黄河颂朗诵	6	15	698	122	82
三一重工	1	15	5	550	26
三一重工	3	0	0	122	92
三一重工	6	15	941	79	93
三一重工	7	15	1078	122	82
剑极天下最新章节	1	15	6	550	24
剑极天下最新章节	1	15	115	75	15
剑极天下最新章节	1	97	33	468	77
剑极天下最新章节	2	16	309	90	15
杜威十进分类法	5	15	641	122	82
红石坊国语版	1	15	147	94	15
大时代粤语	1	26	168	120	15
大时代粤语	1	26	292	54	15
大时代粤语	1	80	292	41	15
大时代粤语	1	121	292	41	15
惠州婚庆	2	15	192	4	15
惠州婚庆	2	15	238	4	15
惠州婚庆	2	15	284	4	15
惠州婚庆	2	15	330	4	15
惠州婚庆	6	15	681	122	82
威海职业学院单招	7	15	800	122	82
组织机构代码证年检	10	15	1150	122	82
冒险岛主教	10	15	1221	122	92
冒险岛主教	10	157	1221	122	92
冒险岛主教	10	299	1221	122	92
冒险岛主教	10	441	1221	122	92
学习日志	6	15	609	122	82
我的世界电梯怎么做	6	15	636	122	82
我的世界电梯怎么做	8	15	986	122	92
我的世界电梯怎么做	8	157	986	122	92
我的世界电梯怎么做	8	299	986	122	92
我的世界电梯怎么做	8	441	986	122	92
等着我寻亲2015最新	1	15	36	92	122
等着我寻亲2015最新	1	15	168	51	32
等着我寻亲2015最新	1	66	168	48	32
等着我寻亲2015最新	1	15	210	122	92
等着我寻亲2015最新	1	157	210	122	92
等着我寻亲2015最新	1	299	210	122	92
等着我寻亲2015最新	1	441	210	122	92
支付宝提现多久到账	1	56	128	142	107
支付宝提现多久到账	1	203	128	142	107
支付宝提现多久到账	1	350	128	142	107
支付宝提现多久到账	7	0	0	122	92
终极西游	6	15	699	122	82
终极西游	10	15	1221	122	92
终极西游	10	157	1221	122	92
终极西游	10	299	1221	122	92
终极西游	10	441	1221	122	92
玉石的种类	5	15	712	122	82
毛蛋的做法	10	15	1092	122	92
毛蛋的做法	10	157	1092	122	92
毛蛋的做法	10	299	1092	122	92
毛蛋的做法	10	441	1092	122	92
你是幸运玩家吗	6	15	568	122	82
铁板鱿鱼	2	15	508	92	92
铁板鱿鱼	4	15	1068	220	15
铁板鱿鱼	5	15	1145	122	82
铁板鱿鱼	6	15	1385	67	67
铁板鱿鱼	9	0	0	100	103
金孔雀轻轻跳教案	6	15	700	122	82
毛线拖鞋编织花样	2	15	210	122	92
毛线拖鞋编织花样	2	157	210	122	92
毛线拖鞋编织花样	2	299	210	122	92
毛线拖鞋编织花样	2	441	210	122	92
毛线拖鞋编织花样	10	15	1289	122	82
冰山上的来客	1	26	168	120	15
冰山上的来客	1	26	292	41	15
冰山上的来客	1	67	292	41	15
冰山上的来客	1	108	292	41	15
冰山上的来客	1	149	292	41	15
冰山上的来客	1	190	292	41	15
冰山上的来客	1	231	292	49	15
冰山上的来客	1	280	292	41	15
冰山上的来客	1	321	292	41	15
魔力宝贝	3	26	378	202	152
魔力宝贝	7	16	1084	120	160
魔力宝贝	7	291	1200	48	16
魔力宝贝	8	15	1315	122	82
魔力宝贝	10	15	1868	57	15
魔力宝贝	10	15	1868	147	15
魔力宝贝	10	15	1991	130	15
魔力宝贝	10	15	2114	130	15
魔力宝贝	10	15	2237	130	15
魔力宝贝	10	15	2360	123	15
有效教学模式学习心得	6	15	650	122	82
cf会员	5	15	396	4	15
cf会员	5	15	457	4	15
cf会员	5	15	503	4	15
cf会员	5	15	549	4	15
cf会员	8	15	902	122	82
免费领q币活动	6	15	680	122	82
上海同济医院	2	15	280	520	15
上海同济医院	3	15	717	220	15
上海同济医院	6	15	1061	122	82
火影忍者贴吧	8	15	1024	122	82
十大作曲家声乐作品音乐会	2	15	160	122	92
十大作曲家声乐作品音乐会	2	157	160	122	92
十大作曲家声乐作品音乐会	2	299	160	122	92
十大作曲家声乐作品音乐会	2	441	160	122	92
十大作曲家声乐作品音乐会	6	15	720	122	82
撕名牌游戏规则	8	15	999	122	82
宝宝取名	5	15	487	122	82
枪魂冰子	6	15	639	122	82
我心中的美丽乡村	3	15	328	122	82
小儿清热止咳口服液	4	15	555	4	15
小儿清热止咳口服液	4	15	616	4	15
小儿清热止咳口服液	4	15	662	4	15
小儿清热止咳口服液	4	15	708	4	15
小儿清热止咳口服液	7	15	1076	122	82
小儿清热止咳口服液	9	15	1434	550	42
化妆需要的基本用品	7	15	951	122	82
神纹道无弹窗	2	16	245	90	15
皮蛋瘦肉粥	1	15	64	92	92
皮蛋瘦肉粥	6	15	758	122	82
尧的意思	6	15	658	122	82
双簧视频	6	15	583	122	82
傣族舞蹈视频	3	15	238	122	92
傣族舞蹈视频	3	157	238	122	92
傣族舞蹈视频	3	299	238	122	92
傣族舞蹈视频	3	441	238	122	92
傣族舞蹈视频	6	15	666	122	82
卡桑德拉大桥	2	15	476	50	15
卡桑德拉大桥	8	15	1250	122	82
绵阳婚纱影楼	3	15	487	220	15
绵阳婚纱影楼	5	15	664	122	82
2015年热点新闻	6	15	632	122	82
小班幼儿舞蹈视频大全	1	15	36	122	92
小班幼儿舞蹈视频大全	1	157	36	122	92
小班幼儿舞蹈视频大全	1	299	36	122	92
小班幼儿舞蹈视频大全	1	441	36	122	92
南京农业大学研究生院	1	15	5	550	26
南京农业大学研究生院	5	15	622	220	15
职工基本养老保险	6	15	587	122	82
日本拳手来华挑战23秒被ko比赛视频	4	15	364	122	92
日本拳手来华挑战23秒被ko比赛视频	4	157	364	122	92
日本拳手来华挑战23秒被ko比赛视频	4	299	370	122	92
日本拳手来华挑战23秒被ko比赛视频	4	441	370	122	92
曾小贤老婆	6	15	942	122	82
哀乐葬礼进行曲	3	15	268	122	92
哀乐葬礼进行曲	3	157	268	122	92
哀乐葬礼进行曲	3	299	268	122	92
哀乐葬礼进行曲	3	441	268	122	92
灵书妙探第七季	7	15	723	122	82
豆芽的做法	1	15	136	112	15
豆芽的做法	5	15	526	122	92
豆芽的做法	5	157	526	122	92
豆芽的做法	5	299	526	122	92
豆芽的做法	5	441	526	122	92
豆芽的做法	6	15	744	122	82
造梦西游4坐骑怎么得	6	15	570	122	82
甜地丁	5	15	530	122	82
德州扑克玩法	3	0	0	122	92
德州扑克玩法	5	15	649	122	82
德州扑克玩法	8	15	1245	160	122
鹰冠生态板价格	1	15	64	4	15
鹰冠生态板价格	1	15	110	4	15
鹰冠生态板价格	1	15	156	4	15
鹰冠生态板价格	1	15	202	4	15
qq斗地主	1	15	5	550	26
qq斗地主	3	15	349	160	122
qq斗地主	4	35	565	70	70
qq斗地主	4	138	565	70	70
qq斗地主	4	241	565	70	70
qq斗地主	4	344	565	70	70
qq斗地主	4	447	565	70	70
qq斗地主	4	550	565	70	70
qq斗地主	4	35	699	70	70
qq斗地主	4	138	699	70	70
qq斗地主	4	241	699	70	70
qq斗地主	4	344	699	70	70
qq斗地主	4	447	699	70	70
qq斗地主	4	550	699	70	70
qq斗地主	7	15	1342	122	82
qq斗地主	9	0	0	122	92
酵母与鸡蛋公主	6	15	706	122	82
清华大学专业排名	6	15	678	122	82
蓟县招聘信息	9	15	846	122	82
文森特血虐台服	5	15	492	122	82
最美时光大结局第50集	1	15	36	122	92
最美时光大结局第50集	1	157	36	122	92
最美时光大结局第50集	1	299	36	122	92
最美时光大结局第50集	1	441	36	122	92
澳洲蔓越莓胶囊的功效	4	15	489	550	42
澳洲蔓越莓胶囊的功效	6	15	742	122	82
解脲支原体	7	15	1046	122	82
解脲支原体	9	15	1476	550	42
世界历史100集	1	26	168	120	15
世界历史100集	1	26	292	41	15
世界历史100集	7	15	883	122	82
左眼皮一直跳是怎么回事	3	15	380	550	42
左眼皮一直跳是怎么回事	4	15	488	122	82
左眼皮一直跳是怎么回事	7	15	1038	550	42
pestel分析案例	7	15	730	122	82
会计凭证装订方法图解	6	15	562	122	82
dota地图	7	15	723	122	82
excel快捷键大全	1	56	128	142	107
excel快捷键大全	1	203	128	142	107
excel快捷键大全	1	350	128	142	107
excel快捷键大全	10	15	1382	122	82
杀马特	4	15	935	122	82
杀马特	5	0	0	122	92
我的电脑没有声音怎么办	5	15	466	122	82
丹麦天使	5	15	824	122	82
360云盘+登录	4	15	340	122	82
春晓舞蹈视频	2	15	160	122	92
春晓舞蹈视频	2	157	160	122	92
春晓舞蹈视频	2	299	160	122	92
春晓舞蹈视频	2	441	160	122	92
嫦娥一号	4	15	657	122	82
防恐防暴知识	6	15	769	122	82
山东泰山	2	15	557	202	15
山东泰山	5	0	0	122	92
山东泰山	7	15	1180	122	82
先声药业	2	15	291	220	15
先声药业	6	15	697	122	82
海量资源下载站	6	15	606	122	82
通报怎么写	6	15	822	122	82
广西中小学教师招聘	10	15	1248	122	82
萱妍堂是传销吗	6	15	766	122	82
代理ip	6	15	538	122	82
你是我的眼+萧煌奇	4	15	490	122	82
你是我的眼+萧煌奇	5	15	728	65	15
你是我的眼+萧煌奇	6	15	853	122	92
你是我的眼+萧煌奇	6	157	853	122	92
你是我的眼+萧煌奇	6	299	853	122	92
你是我的眼+萧煌奇	6	441	853	122	92
珊瑚海海战	1	15	36	122	92
珊瑚海海战	1	157	36	122	92
珊瑚海海战	1	299	36	122	92
珊瑚海海战	1	441	36	122	92
珊瑚海海战	5	15	591	122	82
亲属关系证明	6	15	778	122	82
亲属关系证明	8	15	1178	550	26
亲属关系证明	8	155	1182	41	19
鹏华普天收益今日净值	1	0	0	122	92
挖掘机表演	1	15	36	122	92
挖掘机表演	1	157	36	122	92
挖掘机表演	1	299	36	122	92
挖掘机表演	1	441	36	122	92
挖掘机表演	2	15	342	120	15
挖掘机表演	2	15	466	120	15
挖掘机表演	2	15	590	120	15
挖掘机表演	2	15	714	120	15
挖掘机表演	2	15	838	120	15
挖掘机表演	2	15	962	120	15
挖掘机表演	2	15	1086	120	15
挖掘机表演	2	15	1210	120	15
挖掘机表演	6	15	1636	122	82
八门神器ios版	7	15	820	122	82
八门神器ios版	10	15	1329	550	26
八门神器ios版	10	459	1402	95	99
喊麦词大全	6	15	610	122	82
喊麦词大全	7	15	850	67	67
郑多燕小红帽中文版	1	15	124	120	15
郑多燕小红帽中文版	1	15	232	120	15
郑多燕小红帽中文版	1	15	340	120	15
郑多燕小红帽中文版	1	15	448	120	15
郑多燕小红帽中文版	6	15	960	122	82
爸爸去哪儿2+电影	2	15	507	42	15
爸爸去哪儿2+电影	2	57	507	55	15
爸爸去哪儿2+电影	2	112	507	50	15
爸爸去哪儿2+电影	2	162	507	42	15
爸爸去哪儿2+电影	2	204	507	42	15
爸爸去哪儿2+电影	2	246	507	58	15
爸爸去哪儿2+电影	2	304	507	42	15
爸爸去哪儿2+电影	2	346	507	42	15
爸爸去哪儿2+电影	5	15	957	122	82
巩义二手房	6	15	540	122	82
死飞视频	2	15	140	122	92
死飞视频	2	157	146	122	92
死飞视频	2	299	146	122	92
死飞视频	2	441	146	122	92
死飞视频	6	15	749	122	82
韩束化妆品价格表	7	15	524	122	82
韩束化妆品价格表	9	15	782	16	15
买房注意事项	1	0	0	122	92
买房注意事项	5	15	550	122	82
买房注意事项	10	15	1192	122	92
买房注意事项	10	157	1192	122	92
买房注意事项	10	299	1192	122	92
买房注意事项	10	441	1192	122	92
小小的船儿歌视频	1	15	36	122	92
小小的船儿歌视频	1	157	36	122	92
小小的船儿歌视频	1	299	36	122	92
小小的船儿歌视频	1	441	36	122	92
小小的船儿歌视频	2	15	259	122	92
海灯传奇	1	15	36	122	92
海灯传奇	1	157	36	122	92
海灯传奇	1	299	36	122	92
海灯传奇	1	441	36	122	92
狼图腾小说	5	15	592	122	82
qq家园登陆	1	15	6	550	24
qq家园登陆	5	15	436	122	82
大学毕业论文范文	7	15	842	92	92
红烧鸡腿	2	15	166	92	92
红烧鸡腿	6	15	716	122	82
etf基金	9	15	1008	122	82
星光大道2005	3	15	372	94	15
星光大道2005	6	15	712	122	82
公务员辞职	5	15	643	122	82
英雄联盟领取头像	5	15	654	122	82
心理学专业	5	15	898	122	82
古墓丽影9攻略	6	15	531	122	82
高铁地图高清版	6	15	831	122	82
高效学习法	5	15	524	67	67
你是我的姐妹电视剧	1	26	168	120	15
你是我的姐妹电视剧	1	26	292	67	15
你是我的姐妹电视剧	1	93	292	41	15
你是我的姐妹电视剧	1	134	292	54	15
你是我的姐妹电视剧	1	188	292	41	15
你是我的姐妹电视剧	1	229	292	49	15
你是我的姐妹电视剧	1	278	292	41	15
极品太监猎美传奇	9	15	863	122	82
中铁四局五公司	3	15	282	67	67
中铁四局五公司	4	15	720	220	15
中铁四局五公司	8	15	1224	122	82
时尚王	1	26	168	120	15
时尚王	1	26	292	41	15
时尚王	1	67	292	41	15
时尚王	4	16	711	120	160
时尚王	9	15	1483	67	67
时尚王	10	15	1670	122	82
轻松时刻	2	15	482	120	15
轻松时刻	2	15	630	41	15
轻松时刻	2	15	760	197	15
轻松时刻	2	15	853	184	15
轻松时刻	2	15	946	184	15
轻松时刻	2	15	1039	184	15
轻松时刻	9	15	2101	122	82
环亚国际	4	15	587	220	15
环亚国际	5	15	664	67	67
环亚国际	6	15	851	122	82
环亚国际	8	0	0	122	92
儿童游乐设备	1	15	38	127	127
儿童游乐设备	1	156	38	127	127
儿童游乐设备	1	297	38	127	127
儿童游乐设备	1	15	230	127	127
儿童游乐设备	2	15	662	4	15
儿童游乐设备	2	15	708	4	15
儿童游乐设备	2	15	769	4	15
儿童游乐设备	2	15	815	4	15
儿童游乐设备	2	0	0	264	119
儿童游乐设备	2	0	0	264	119
儿童游乐设备	8	15	1400	122	82
历史上的今天4月11日	4	15	384	122	82
昆仑决最新比赛视频2015	1	15	36	122	92
昆仑决最新比赛视频2015	1	157	36	122	92
昆仑决最新比赛视频2015	1	299	36	122	92
昆仑决最新比赛视频2015	1	441	36	122	92
昆仑决最新比赛视频2015	8	15	905	122	82
上海电子地图	1	15	151	202	15
上海电子地图	6	15	610	90	90
上海电子地图	6	130	610	90	90
海底小纵队3	1	15	10	122	162
海底小纵队3	7	15	879	122	82
变废为宝手工制作房子	7	15	714	122	82
电饭煲蛋糕	1	15	64	92	92
电饭煲蛋糕	5	15	614	122	92
电饭煲蛋糕	5	157	614	122	92
电饭煲蛋糕	5	299	614	122	92
电饭煲蛋糕	5	441	614	122	92
电饭煲蛋糕	6	15	832	122	82
王爷的弃妃	6	15	659	122	82
水木年华的歌	1	15	119	100	15
水木年华的歌	7	15	1147	122	82
山东地税	1	15	6	550	24
山东地税	3	15	236	67	67
山东地税	6	15	999	220	15
山东地税	8	15	1176	122	82
支付宝透支怎么开通	10	15	1108	122	82
泥鳅的营养价值及功效	7	15	760	122	82
北京平四	1	15	36	122	92
北京平四	1	157	36	122	92
北京平四	1	299	36	122	92
北京平四	1	441	36	122	92
北京平四	6	15	683	122	82
纸飞机儿童摄影	3	15	242	67	67
纸飞机儿童摄影	5	15	805	220	15
革命现代京剧智取威虎山	1	15	36	122	92
革命现代京剧智取威虎山	1	157	36	122	92
革命现代京剧智取威虎山	1	299	36	122	92
革命现代京剧智取威虎山	1	441	36	122	92
革命现代京剧智取威虎山	6	15	668	122	82
索马里120天	8	15	914	122	82
绾青丝	1	16	145	90	15
绾青丝	3	15	614	550	24
绾青丝	3	15	723	75	15
绾青丝	3	97	641	468	77
绾青丝	6	15	1093	117	15
绾青丝	6	15	1216	110	15
绾青丝	6	15	1339	110	15
绾青丝	6	15	1462	110	15
绾青丝	6	15	1585	110	15
绾青丝	9	15	1920	67	67
中班数学教案	10	15	1062	122	82
火影忍者游戏究极风暴	6	15	630	122	82
方太集团	7	15	565	122	82
鹤舞飞翔	1	15	36	122	92
鹤舞飞翔	1	157	36	122	92
鹤舞飞翔	1	299	36	122	92
鹤舞飞翔	1	441	36	122	92
鹤舞飞翔	7	15	858	122	82
cnki翻译助手	1	15	5	550	26
cnki翻译助手	6	15	697	122	82
真三国无双4	1	15	78	160	122
真三国无双4	6	15	909	122	82
粉红玛丽	2	15	147	4	15
粉红玛丽	2	15	193	4	15
粉红玛丽	2	15	254	4	15
粉红玛丽	2	15	330	4	15
粉红玛丽	6	15	900	122	82
上呼吸道感染症状	4	15	446	550	42
上呼吸道感染症状	5	15	591	550	42
游戏王5ds	1	15	10	122	162
游戏王5ds	6	15	747	122	82
古川雄辉	1	35	55	122	122
古川雄辉	2	35	281	92	122
古川雄辉	2	164	281	92	122
古川雄辉	2	293	281	92	122
古川雄辉	2	422	281	92	122
古川雄辉	2	551	281	92	122
古川雄辉	4	35	1000	75	15
古川雄辉	7	15	1630	122	82
古川雄辉	8	15	1865	100	103
古川雄辉	8	15	2003	58	15
古川雄辉	8	15	2021	58	15
古川雄辉	8	15	2039	58	15
古川雄辉	8	15	2057	58	15
古川雄辉	10	0	0	100	103
孙善武冤案	8	15	1023	122	82
世纪审判	6	15	858	122	82
兔子舞教学视频	1	15	124	120	15
兔子舞教学视频	1	15	248	120	15
兔子舞教学视频	1	15	372	120	15
兔子舞教学视频	1	15	496	120	15
兔子舞教学视频	1	15	620	120	15
兔子舞教学视频	1	15	744	120	15
兔子舞教学视频	1	15	868	120	15
兔子舞教学视频	1	15	992	120	15
兔子舞教学视频	1	15	1116	120	15
兔子舞教学视频	1	15	1240	120	15
兔子舞教学视频	1	15	1364	120	15
兔子舞教学视频	1	15	1488	120	15
兔子舞教学视频	2	15	1607	122	92
兔子舞教学视频	2	157	1607	122	92
兔子舞教学视频	2	299	1607	122	92
兔子舞教学视频	2	441	1607	122	92
晋中教育平台	5	15	398	122	82
广州志愿者	5	15	591	220	15
广州志愿者	7	15	908	90	90
广州志愿者	7	130	908	90	90
广州志愿者	8	15	1121	122	82
红米usb调试在哪	1	56	128	142	107
红米usb调试在哪	1	203	128	142	107
红米usb调试在哪	1	350	128	142	107
红米usb调试在哪	6	15	1007	122	82
科目三灯光模拟考试桑塔纳	7	15	786	122	82
水云诗面膜怎么样	8	15	979	122	82
160706+嘉实300	5	15	554	122	82
我的世界新月至尊	5	15	466	122	92
我的世界新月至尊	5	157	466	122	92
我的世界新月至尊	5	299	466	122	92
我的世界新月至尊	5	441	466	122	92
告白视频制作	6	15	672	122	82
如何用ps修改图片文字	5	15	536	122	82
苹果5报价	1	15	212	4	15
苹果5报价	1	15	273	4	15
苹果5报价	1	15	334	4	15
苹果5报价	1	15	395	4	15
苹果5报价	7	15	1036	122	82
潍坊滨海新纪元学校	2	15	291	220	15
潍坊滨海新纪元学校	6	15	758	122	82
火影忍者国语	1	15	10	122	162
火影忍者国语	2	15	240	92	122
火影忍者国语	2	118	240	92	122
火影忍者国语	2	221	240	92	122
火影忍者国语	2	324	240	92	122
火影忍者国语	2	427	240	92	122
火影忍者国语	7	15	942	122	82
龙族3	2	15	276	117	15
龙族3	2	15	399	117	15
龙族3	2	15	522	117	15
龙族3	2	15	645	117	15
龙族3	2	15	768	117	15
龙族3	6	15	1224	122	82
殷桃小丸子国语	2	16	158	120	160
殷桃小丸子国语	6	15	770	122	82
实习生电视剧	1	26	168	120	15
实习生电视剧	1	26	292	54	15
实习生电视剧	7	15	1017	122	82
五年级三单元作文	7	15	862	122	82
七骑士	6	15	708	122	82
生活大爆炸第一季	6	15	764	122	82
2015新娘发型图片	4	15	558	122	82
2015新娘发型图片	7	17	1002	100	4
舌吻的方法与技巧	3	15	248	122	82
陆毅和袁立	1	15	239	122	92
陆毅和袁立	1	157	239	122	92
陆毅和袁立	1	299	239	122	92
陆毅和袁立	1	441	239	122	92
陆毅和袁立	7	15	1083	122	82
2015生肖卡	5	15	642	122	82
易宝支付	1	15	5	550	26
易宝支付	2	15	175	79	93
易宝支付	8	15	965	122	82
2015河北企业退休养老金调整	3	15	328	122	82
大鸿米店完整版	2	15	476	55	15
源君物语	1	15	176	124	15
源君物语	1	15	299	124	15
源君物语	1	15	422	124	15
源君物语	1	15	545	124	15
源君物语	1	15	668	124	15
源君物语	6	15	1393	122	82
北京旅游地图	1	15	287	220	15
北京旅游地图	8	15	1067	122	82
月光曲	7	15	652	122	82
qq免费气泡	6	15	724	122	82
吉林延边大学研究生录取	4	15	338	122	82
亚冠联赛	1	151	78	22	15
亚冠联赛	1	301	78	22	15
亚冠联赛	1	151	103	22	15
亚冠联赛	1	301	103	22	15
亚冠联赛	1	151	128	22	15
亚冠联赛	1	301	128	22	15
亚冠联赛	1	151	153	22	15
亚冠联赛	1	301	153	22	15
亚冠联赛	1	151	178	22	15
亚冠联赛	1	301	178	22	15
亚冠联赛	1	151	203	22	15
亚冠联赛	1	301	203	22	15
亚冠联赛	1	151	228	22	15
亚冠联赛	1	301	228	22	15
亚冠联赛	1	151	253	22	15
亚冠联赛	1	301	253	22	15
亚冠联赛	1	151	278	22	15
亚冠联赛	1	301	278	22	15
亚冠联赛	1	151	303	22	15
亚冠联赛	1	301	303	22	15
亚冠联赛	1	151	328	22	15
亚冠联赛	1	301	328	22	15
亚冠联赛	1	151	353	22	15
亚冠联赛	1	301	353	22	15
亚冠联赛	1	151	378	22	15
亚冠联赛	1	301	378	22	15
亚冠联赛	1	151	403	22	15
亚冠联赛	1	301	403	22	15
亚冠联赛	1	151	428	22	15
亚冠联赛	1	301	428	22	15
亚冠联赛	1	151	453	22	15
亚冠联赛	1	301	453	22	15
亚冠联赛	3	15	785	122	92
亚冠联赛	3	157	785	122	92
亚冠联赛	3	299	785	122	92
亚冠联赛	3	441	785	122	92
亚冠联赛	6	15	1230	122	82
素描几何体	2	15	808	120	15
素描几何体	2	15	941	41	15
素描几何体	2	15	1071	197	15
素描几何体	2	15	1164	184	15
素描几何体	2	15	1257	184	15
素描几何体	2	15	1350	184	15
素描几何体	7	15	1888	122	82
2014金鹰节颁奖晚会	4	15	396	122	92
2014金鹰节颁奖晚会	4	157	396	122	92
2014金鹰节颁奖晚会	4	299	396	122	92
2014金鹰节颁奖晚会	4	441	396	122	92
2014金鹰节颁奖晚会	6	15	724	122	82
音乐编辑软件	1	15	5	550	26
音乐编辑软件	9	15	1221	122	82
温暖的记忆满分作文	6	15	582	122	82
极品新娘29集	1	26	168	120	15
极品新娘29集	1	26	292	41	15
极品新娘29集	1	67	292	49	15
广汽传祺gs4最新消息	1	0	0	122	92
广汽传祺gs4最新消息	3	15	328	122	82
浪漫满屋泰国版	1	26	168	120	15
浪漫满屋泰国版	1	26	292	41	15
浪漫满屋泰国版	6	15	1189	122	82
企业所得税是国税还是地税	6	15	764	122	82
日本购物攻略	6	15	680	122	82
童话村电影大全观看	3	15	238	122	92
童话村电影大全观看	3	157	238	122	92
童话村电影大全观看	3	299	238	122	92
童话村电影大全观看	3	441	238	122	92
童话村电影大全观看	7	15	756	122	82
毕福剑现任老婆	5	15	883	122	82
男孩子好听的名字	6	15	756	122	82
星月菩提子怎么盘	6	15	590	122	82
李钟硕综艺	1	15	36	122	92
李钟硕综艺	1	157	36	122	92
李钟硕综艺	1	299	36	122	92
李钟硕综艺	1	441	36	122	92
李钟硕综艺	6	15	833	122	82
吊顶造型	5	15	781	122	82
我的作文300字	6	15	758	122	82
贵州斗牛2015	1	15	36	122	92
贵州斗牛2015	1	157	36	122	92
贵州斗牛2015	1	299	36	122	92
贵州斗牛2015	1	441	36	122	92
贵州斗牛2015	6	15	674	122	82
最强大脑第三季	5	15	482	120	15
最强大脑第三季	5	15	645	54	15
最强大脑第三季	5	69	645	41	15
最强大脑第三季	5	110	645	41	15
最强大脑第三季	5	151	645	41	15
最强大脑第三季	5	15	775	197	15
最强大脑第三季	5	15	868	184	15
最强大脑第三季	5	15	961	184	15
最强大脑第三季	5	15	1054	184	15
最强大脑第三季	10	0	0	122	92
通知的格式及范文	6	15	702	122	82
名爵锐腾怎么样	1	15	36	132	92
名爵锐腾怎么样	6	15	1070	122	82
简单易学的英文歌	6	15	680	122	82
眼保健视频	2	15	516	120	15
眼保健视频	2	15	649	41	15
眼保健视频	2	15	779	197	15
眼保健视频	2	15	872	184	15
眼保健视频	2	15	965	184	15
眼保健视频	2	15	1058	184	15
眼保健视频	7	15	1597	122	82
走过那一拐角+作文	6	15	674	122	82
花都战兵	3	16	423	90	15
胃酸怎么办	2	26	144	4	15
胃酸怎么办	2	26	174	4	15
胃酸怎么办	2	26	204	4	15
胃酸怎么办	2	26	234	4	15
胃酸怎么办	6	15	828	122	82
胃酸怎么办	8	15	1188	550	42
香港六和釆马会开奖结果	4	0	0	122	92
搞笑名字大全	9	15	914	122	82
鸡汤的做法	2	15	188	92	92
鸡汤的做法	6	15	715	122	82
鸡汤的做法	10	15	1327	122	92
鸡汤的做法	10	157	1327	122	92
鸡汤的做法	10	299	1327	122	92
鸡汤的做法	10	441	1327	122	92
小小猫和老鼠	1	15	10	122	162
小小猫和老鼠	6	15	871	122	82
新装修的房子多久可以入住	4	15	552	122	82
ADC符文	7	15	846	122	82
天将雄狮票房	1	26	153	4	15
天将雄狮票房	5	15	783	122	82
电磁炉工作原理	8	15	934	122	82
电磁炉工作原理	10	15	1380	550	42
2015cf活动大全	5	15	531	122	82
陋室铭ppt	6	15	678	122	82
眼线怎么画好看	9	15	970	122	82
360音乐	9	15	953	122	82
银行贷款利率	4	0	0	122	92
银行贷款利率	6	15	776	122	82
舒缓眼睛疲劳	10	15	1196	122	82
nba回放录像	9	15	910	122	82
如何腌制香椿芽	1	15	64	92	92
如何腌制香椿芽	5	15	637	122	82
转氨酶	6	15	815	550	42
转氨酶	10	15	1243	550	42
名侦探柯南小栗旬电影	1	15	36	122	92
名侦探柯南小栗旬电影	1	157	36	122	92
名侦探柯南小栗旬电影	1	299	36	122	92
名侦探柯南小栗旬电影	1	441	36	122	92
纯妍堂酵素梅价格	1	15	92	4	15
纯妍堂酵素梅价格	1	15	138	4	15
纯妍堂酵素梅价格	1	15	184	4	15
纯妍堂酵素梅价格	1	15	230	4	15
开开木门	10	15	1057	122	82
走廊玄关壁画墙纸	1	15	92	4	15
走廊玄关壁画墙纸	1	15	138	4	15
走廊玄关壁画墙纸	1	15	199	4	15
走廊玄关壁画墙纸	1	15	275	4	15
走廊玄关壁画墙纸	5	15	845	122	82
新地杂志	5	15	564	122	82
数学公式编辑器	1	15	5	550	26
数学公式编辑器	6	15	799	122	82
变形计20150405期	1	15	34	140	107
制作表格的软件	7	15	744	122	82
春季皮肤护理	7	15	824	122	82
最强大脑范冰冰完整版	1	15	36	122	92
最强大脑范冰冰完整版	1	157	36	122	92
最强大脑范冰冰完整版	1	299	36	122	92
最强大脑范冰冰完整版	1	441	36	122	92
鱼香茄子	1	15	64	92	92
鱼香茄子	8	15	1230	122	82
金刚狼	1	15	36	92	122
金刚狼	1	118	36	92	122
金刚狼	2	15	231	122	162
金刚狼	6	15	1066	122	82
金刚狼	9	0	0	122	92
px词条保卫战	5	15	531	122	82
银河护卫队2	1	0	0	122	92
银河护卫队2	5	15	644	122	82
动漫七大罪	6	15	616	122	82
动漫七大罪	7	15	856	122	92
动漫七大罪	7	157	856	122	92
动漫七大罪	7	299	856	122	92
动漫七大罪	7	441	856	122	92
罗非鱼	5	15	891	122	82
罗非鱼	6	15	1131	67	67
全国重点高中排名	6	15	659	122	82
cctv新闻	1	15	96	72	15
cctv新闻	2	15	171	4	15
cctv新闻	6	15	741	122	82
cctv新闻	8	15	1081	122	92
cctv新闻	8	157	1081	122	92
cctv新闻	8	299	1081	122	92
cctv新闻	8	441	1081	122	92
弥渡山歌	2	15	310	122	92
弥渡山歌	2	157	310	122	92
弥渡山歌	2	299	310	122	92
弥渡山歌	2	441	310	122	92
弥渡山歌	8	15	1130	122	82
原子弹爆炸视频	1	15	36	122	92
原子弹爆炸视频	1	157	36	122	92
原子弹爆炸视频	1	299	36	122	92
原子弹爆炸视频	1	441	36	122	92
原子弹爆炸视频	6	15	671	122	82
我的世界地图编辑器	1	15	5	550	26
简历模板下载word格式免费下载	1	15	155	120	15
简历模板下载word格式免费下载	1	15	263	120	15
简历模板下载word格式免费下载	1	15	371	120	15
简历模板下载word格式免费下载	1	15	479	120	15
简历模板下载word格式免费下载	1	15	587	120	15
简历模板下载word格式免费下载	1	15	695	120	15
简历模板下载word格式免费下载	1	15	803	120	15
简历模板下载word格式免费下载	1	15	911	120	15
简历模板下载word格式免费下载	1	15	1019	120	15
简历模板下载word格式免费下载	1	15	1127	120	15
简历模板下载word格式免费下载	1	15	1235	120	15
简历模板下载word格式免费下载	1	15	1343	120	15
简历模板下载word格式免费下载	4	15	1692	21	19
简历模板下载word格式免费下载	4	15	1711	21	19
简历模板下载word格式免费下载	4	15	1730	21	19
简历模板下载word格式免费下载	4	15	1749	21	19
简历模板下载word格式免费下载	4	15	1768	21	19
简历模板下载word格式免费下载	4	0	0	218	39
千叶樱华漫画	1	15	176	117	15
千叶樱华漫画	1	15	299	117	15
千叶樱华漫画	1	15	422	117	15
千叶樱华漫画	1	15	545	117	15
千叶樱华漫画	1	15	668	117	15
公文写作基础知识	6	15	764	122	82
哈尔滨直辖市	6	15	744	122	82
七寻记漫画	7	15	710	122	82
股指吧加盟	5	15	602	122	82
烈探狙击	1	15	36	122	92
烈探狙击	1	157	36	122	92
烈探狙击	1	299	36	122	92
烈探狙击	1	441	36	122	92
同学生日祝福语	6	15	788	122	82
驾驶证换证	6	15	800	122	82
2015年公务员工资标准	4	15	342	122	82
武义牛头山	2	15	456	550	26
武义牛头山	2	15	558	112	15
武义牛头山	3	15	1009	220	15
武义牛头山	4	15	1086	122	82
暖心句子	6	15	628	122	82
金刀峡	3	15	818	220	15
金刀峡	4	15	962	122	82
金刀峡	4	15	1065	122	82
金刀峡	4	15	1168	122	82
金刀峡	5	15	1368	122	82
巧虎开心万圣节	1	15	31	4	15
巧虎开心万圣节	1	15	226	72	15
巧虎开心万圣节	1	15	331	72	15
巧虎开心万圣节	1	15	436	72	15
巧虎开心万圣节	1	15	541	72	15
巧虎开心万圣节	1	15	646	72	15
巧虎开心万圣节	1	15	751	72	15
河南邮政公司	5	15	593	220	15
河南邮政公司	7	15	770	122	82
4399游戏盒下载到电脑	1	15	5	550	26
毕业设计任务书	6	15	608	122	82
卧室设计	1	15	466	4	15
卧室设计	1	15	481	4	15
卧室设计	1	15	496	4	15
卧室设计	1	15	511	4	15
卧室设计	1	15	526	4	15
卧室设计	1	15	541	4	15
卧室设计	1	15	556	4	15
卧室设计	1	15	571	4	15
卧室设计	1	0	0	190	15
卧室设计	6	15	974	90	90
卧室设计	6	130	974	90	90
卧室设计	7	15	1187	122	82
维生素e软胶囊	5	15	725	4	15
维生素e软胶囊	5	15	771	4	15
维生素e软胶囊	5	15	817	4	15
维生素e软胶囊	5	15	878	4	15
维生素e软胶囊	8	15	1231	122	82
腾讯视频下载	2	15	105	550	26
千机变2花都大战国语	6	15	596	122	82
海贼王684	1	15	31	140	107
海贼王684	5	15	428	16	15
海贼王684	6	15	517	122	82
离职报告	1	15	64	21	19
离职报告	1	15	83	21	19
离职报告	1	15	102	21	19
离职报告	1	15	121	21	19
离职报告	1	15	140	21	19
离职报告	1	0	0	218	39
离职报告	6	15	666	122	82
西甲联赛	1	151	78	22	15
西甲联赛	1	301	78	22	15
西甲联赛	1	151	103	22	15
西甲联赛	1	301	103	22	15
西甲联赛	1	151	128	22	15
西甲联赛	1	301	128	22	15
西甲联赛	1	151	153	22	15
西甲联赛	1	301	153	22	15
西甲联赛	1	151	178	22	15
西甲联赛	1	301	178	22	15
西甲联赛	1	151	203	22	15
西甲联赛	1	301	203	22	15
西甲联赛	1	151	228	22	15
西甲联赛	1	301	228	22	15
西甲联赛	1	151	253	22	15
西甲联赛	1	301	253	22	15
西甲联赛	1	151	278	22	15
西甲联赛	1	301	278	22	15
西甲联赛	1	151	303	22	15
西甲联赛	1	301	303	22	15
西甲联赛	2	15	405	122	92
西甲联赛	2	157	405	122	92
西甲联赛	2	299	405	122	92
西甲联赛	2	441	405	122	92
西甲联赛	6	15	950	122	82
加好友软件	7	15	572	122	82
12星座配对	1	15	31	58	58
12星座配对	1	15	89	58	58
12星座配对	6	15	780	122	82
热血传奇完整客户端下载完整版	9	26	1132	202	152
香港电视剧+乾隆大帝	1	15	36	122	92
香港电视剧+乾隆大帝	1	157	36	122	92
香港电视剧+乾隆大帝	1	299	36	122	92
香港电视剧+乾隆大帝	1	441	36	122	92
关于大自然的资料	6	15	883	122	82
儿童歌曲视频大全连续	2	15	160	122	92
儿童歌曲视频大全连续	2	157	160	122	92
儿童歌曲视频大全连续	2	299	160	122	92
儿童歌曲视频大全连续	2	441	160	122	92
儿童歌曲视频大全连续	6	15	700	122	82
枣树栽培技术	6	15	593	122	82
我对你的敬仰犹如滔滔江水	8	15	902	122	82
坦克大战经典版	1	15	31	4	15
坦克大战经典版	1	15	226	72	15
坦克大战经典版	1	15	331	72	15
坦克大战经典版	1	15	436	72	15
坦克大战经典版	1	15	541	72	15
坦克大战经典版	1	15	646	72	15
坦克大战经典版	1	15	751	72	15
坦克大战经典版	6	15	1397	122	82
坦克大战经典版	7	15	1679	160	122
坦克大战经典版	10	15	2414	42	15
坦克大战经典版	10	57	2414	50	15
坦克大战经典版	10	107	2414	58	15
下载360免费wifi	1	15	5	550	26
下载360免费wifi	6	15	771	122	82
法制宣传心得体会	6	15	740	122	82
搞笑西游	1	15	36	122	92
搞笑西游	1	157	36	122	92
搞笑西游	1	299	36	122	92
搞笑西游	1	441	36	122	92
搞笑西游	7	15	781	122	82
tfboys音悦v榜盛典2015	1	15	70	122	92
tfboys音悦v榜盛典2015	1	157	70	122	92
tfboys音悦v榜盛典2015	1	299	70	122	92
tfboys音悦v榜盛典2015	1	441	70	122	92
qt语音刷单兼职靠谱吗	9	15	1219	122	82
战术直刀	1	15	120	4	15
战术直刀	1	15	181	4	15
战术直刀	1	15	242	4	15
战术直刀	1	15	288	4	15
战术直刀	7	15	891	122	82
拉丁舞比赛	1	15	36	122	92
拉丁舞比赛	1	157	36	122	92
拉丁舞比赛	1	299	36	122	92
拉丁舞比赛	1	441	36	122	92
拉丁舞比赛	5	15	797	122	82
化疗和中药同时进行吗	1	15	52	550	42
化疗和中药同时进行吗	2	15	176	550	42
化疗和中药同时进行吗	3	15	300	550	42
化疗和中药同时进行吗	7	15	930	550	22
红烧鸡块	1	15	64	92	92
红烧鸡块	6	15	738	122	82
肤力康	4	15	401	550	42
玫瑰行动电视剧全集	1	15	36	122	92
玫瑰行动电视剧全集	1	157	36	122	92
玫瑰行动电视剧全集	1	299	36	122	92
玫瑰行动电视剧全集	1	441	36	122	92
玫瑰糠疹怎么引起的	1	15	52	550	42
玫瑰糠疹怎么引起的	5	15	555	122	82
玫瑰糠疹怎么引起的	9	15	1159	550	42
澳门风云2高清观看	2	15	507	55	15
澳门风云2高清观看	2	70	507	42	15
澳门风云2高清观看	2	112	507	42	15
澳门风云2高清观看	2	154	507	55	15
澳门风云2高清观看	2	209	507	42	15
澳门风云2高清观看	10	15	1620	122	82
巴拉拉小魔仙演员表图片	3	15	466	122	82
渐进老花镜	1	15	120	4	15
渐进老花镜	1	15	166	4	15
渐进老花镜	1	15	212	4	15
渐进老花镜	1	15	258	4	15
渐进老花镜	6	15	804	122	82
魂王的遗迹怎么打	4	15	322	122	82
魂王的遗迹怎么打	6	15	644	122	92
魂王的遗迹怎么打	6	157	644	122	92
魂王的遗迹怎么打	6	299	644	122	92
魂王的遗迹怎么打	6	441	644	122	92
摇滚乐	1	15	34	39	15
编织包包	6	15	681	122	82
编织包包	8	15	1023	122	92
编织包包	8	157	1023	122	92
编织包包	8	299	1023	122	92
编织包包	8	441	1023	122	92
打开心中的那把锁作文	7	15	796	122	82
海底小分队	5	15	714	90	90
海底小分队	5	130	714	90	90
海底小分队	6	15	927	122	82
权力征途	6	15	540	122	82
小品搞笑大全	1	15	124	120	15
小品搞笑大全	1	15	232	120	15
小品搞笑大全	1	15	340	120	15
小品搞笑大全	1	15	448	120	15
小品搞笑大全	6	15	937	122	82
货币战争	2	15	181	122	92
货币战争	2	157	181	122	92
货币战争	2	299	181	122	92
货币战争	2	441	181	122	92
货币战争	7	15	935	122	82
货币战争	10	0	0	550	163
货币战争	10	26	1386	140	118
玲珑塔喊麦	1	15	36	122	92
玲珑塔喊麦	1	157	36	122	92
玲珑塔喊麦	1	299	36	122	92
玲珑塔喊麦	1	441	36	122	92
玲珑塔喊麦	6	15	772	122	82
银行卡	5	15	673	122	82
鹊桥仙·纤云弄巧+秦观	3	15	353	122	82
白银价格	4	0	0	122	92
白银价格	6	15	712	122	82
白银价格	7	15	947	90	90
白银价格	7	130	947	90	90
白银价格	7	245	947	90	90
2015年dnf51套	6	15	632	122	82
席琳迪翁经典歌曲	2	15	160	122	92
席琳迪翁经典歌曲	2	157	160	122	92
席琳迪翁经典歌曲	2	299	160	122	92
席琳迪翁经典歌曲	2	441	160	122	92
席琳迪翁经典歌曲	6	15	738	122	82
斑马斑马吉他谱	5	15	644	122	82
毕姥爷饭局视频	1	15	36	122	92
毕姥爷饭局视频	1	157	36	122	92
毕姥爷饭局视频	1	299	36	122	92
毕姥爷饭局视频	1	441	36	122	92
毕姥爷饭局视频	5	15	624	122	82
苗族教育	6	15	719	122	82
拔丝芋头	1	15	64	92	92
拔丝芋头	5	15	798	122	82
dnf天帝	6	15	732	122	82
空格复制	6	15	698	122	82
4999小游戏	1	15	5	550	26
4999小游戏	5	15	659	90	95
4999小游戏	5	130	659	90	95
4999小游戏	5	245	659	90	95
4999小游戏	5	360	659	90	95
4999小游戏	5	475	659	90	95
4999小游戏	8	15	1061	122	82
关于tfboys的游戏	6	15	614	122	82
cfbug视频	2	15	140	122	92
cfbug视频	2	157	140	122	92
cfbug视频	2	299	140	122	92
cfbug视频	2	441	140	122	92
cfbug视频	6	15	646	122	82
魔王与勇者与圣剑神殿	4	15	340	122	82
婷美化妆品	2	15	192	4	15
婷美化妆品	2	15	238	4	15
婷美化妆品	2	15	284	4	15
婷美化妆品	2	15	330	4	15
婷美化妆品	3	15	477	125	15
婷美化妆品	3	15	573	142	15
婷美化妆品	3	0	0	4	33
婷美化妆品	3	15	653	142	15
婷美化妆品	3	0	0	4	33
婷美化妆品	3	15	733	152	15
婷美化妆品	3	0	0	4	33
婷美化妆品	7	15	1097	122	82
衡水金棕榈影讯	1	26	217	90	15
衡水金棕榈影讯	1	26	340	90	15
衡水金棕榈影讯	1	26	463	90	15
衡水金棕榈影讯	1	26	586	90	15
衡水金棕榈影讯	1	26	709	90	15
衡水金棕榈影讯	1	26	832	90	15
衡水金棕榈影讯	1	26	955	90	15
衡水金棕榈影讯	1	26	1078	90	15
衡水金棕榈影讯	1	26	1201	90	15
衡水金棕榈影讯	10	15	2263	122	82
练胸肌最好的方法	6	15	644	122	82
柠檬蜂蜜水	1	15	64	92	92
柠檬蜂蜜水	4	26	496	4	15
柠檬蜂蜜水	4	26	526	4	15
柠檬蜂蜜水	4	26	556	4	15
柠檬蜂蜜水	4	26	586	4	15
柠檬蜂蜜水	5	15	714	122	82
山西医科大学研究生院	6	15	540	122	82
加油稿	9	15	976	122	82
微聚美贺卡	4	15	410	122	82
物流业运行分析	5	15	528	122	82
收入证明范本下载	1	15	64	21	19
收入证明范本下载	1	15	83	21	19
收入证明范本下载	1	15	102	21	19
收入证明范本下载	1	15	121	21	19
收入证明范本下载	1	15	140	21	19
收入证明范本下载	1	0	0	218	39
盐酸氨基葡萄糖胶囊	3	15	511	4	15
盐酸氨基葡萄糖胶囊	3	15	557	4	15
盐酸氨基葡萄糖胶囊	3	15	603	4	15
盐酸氨基葡萄糖胶囊	3	15	649	4	15
盐酸氨基葡萄糖胶囊	5	15	939	550	42
盐酸氨基葡萄糖胶囊	7	15	1219	122	82
黄金魂	5	15	712	100	15
黄金魂	6	15	1000	122	82
天龙sf	6	15	775	122	82
无双宝鉴	4	16	548	90	15
无双宝鉴	9	15	1262	122	82
水浒传读书笔记	8	15	898	122	82
木府风云	1	26	168	120	15
木府风云	1	26	292	41	15
木府风云	1	67	292	49	15
木府风云	9	15	1398	122	82
美国新闻	6	15	653	122	82
美国新闻	8	15	993	67	67
钰盈堂净颜梅怎么样	6	15	731	122	82
小小智慧树2013全集	1	15	36	162	122
小小智慧树2013全集	1	15	168	51	32
小小智慧树2013全集	1	15	210	122	92
小小智慧树2013全集	1	157	210	122	92
小小智慧树2013全集	1	299	210	122	92
小小智慧树2013全集	1	441	210	122	92
小小智慧树2013全集	2	15	427	141	106
小小智慧树2013全集	2	15	560	127	96
小小智慧树2013全集	2	152	560	127	96
小小智慧树2013全集	2	289	560	127	96
小小智慧树2013全集	2	426	560	127	96
gif制作软件下载	1	15	5	550	26
桃花的功效与作用	6	15	708	122	82
驾校宣传语	6	15	674	122	82
军校排名2014排行	5	15	550	122	82
lol笑话段子	6	15	733	122	82
新视野英语2课后答案	4	15	452	122	82
营销和销售的本质区别	8	15	1084	122	82
哥斯拉	1	15	36	92	122
哥斯拉	1	118	36	92	122
哥斯拉	7	15	1126	122	82
环保标志	1	17	369	100	4
环保标志	5	15	905	122	82
环保标志	7	17	1337	100	4
精功科技	6	15	773	122	82
西游记游戏	1	26	178	202	152
西游记游戏	6	15	1233	122	82
申购单	2	17	226	100	4
申购单	6	15	807	122	82
凉拌木耳洋葱的做法	1	15	36	122	92
凉拌木耳洋葱的做法	1	157	36	122	92
凉拌木耳洋葱的做法	1	299	36	122	92
凉拌木耳洋葱的做法	1	441	36	122	92
凉拌木耳洋葱的做法	4	15	501	122	82
护士节舞蹈	1	15	36	122	92
护士节舞蹈	1	157	36	122	92
护士节舞蹈	1	299	36	122	92
护士节舞蹈	1	441	36	122	92
护士节舞蹈	6	15	696	122	82
家庭装修	1	15	435	4	15
家庭装修	1	15	450	4	15
家庭装修	1	15	465	4	15
家庭装修	1	15	480	4	15
家庭装修	1	15	495	4	15
家庭装修	1	15	510	4	15
家庭装修	1	15	525	4	15
家庭装修	1	15	540	4	15
家庭装修	1	0	0	190	15
家庭装修	10	15	1631	122	82
属猪2015年运势	6	15	612	122	82
南方电视台今日一线	3	15	236	122	82
南方电视台今日一线	4	15	476	122	92
南方电视台今日一线	4	157	476	122	92
南方电视台今日一线	4	299	476	122	92
南方电视台今日一线	4	441	476	122	92
图片制作带字	2	45	185	42	15
图片制作带字	2	45	230	42	15
图片制作带字	2	45	275	42	15
图片制作带字	2	45	320	42	15
图片制作带字	2	45	365	42	15
图片制作带字	10	15	1271	122	82
呼和浩特市地图	1	15	151	202	15
呼和浩特市地图	6	15	617	122	82
葡萄园里的那男子国语	2	15	249	94	15
清半夏	5	15	550	550	42
清半夏	7	15	803	122	82
清半夏	8	15	1017	550	42
校本培训计划方案	6	15	536	122	82
合肥到南京	1	15	5	550	26
合肥到南京	1	625	5	60	31
合肥到南京	6	15	666	122	82
搜索引擎	4	15	383	67	67
搜索引擎	5	0	0	122	92
搜索引擎	6	15	760	122	82
刷单怎么刷	6	15	934	122	82
海鸥手表	3	15	388	4	15
海鸥手表	3	15	449	4	15
海鸥手表	3	15	510	4	15
海鸥手表	3	15	571	4	15
海鸥手表	7	15	1005	122	82
黄土高原纪录片	1	15	36	122	92
黄土高原纪录片	1	157	36	122	92
黄土高原纪录片	1	299	36	122	92
黄土高原纪录片	1	441	36	122	92
黄土高原纪录片	5	15	538	122	82
鼎盛军事	3	15	236	67	67
鼎盛军事	6	15	625	122	82
苹果树花前复剪	3	15	260	122	82
重庆酸辣粉的做法	1	15	64	92	92
重庆酸辣粉的做法	7	15	912	122	82
重庆酸辣粉的做法	10	15	1400	122	92
重庆酸辣粉的做法	10	157	1400	122	92
重庆酸辣粉的做法	10	299	1400	122	92
重庆酸辣粉的做法	10	441	1400	122	92
综艺等着我	3	15	482	120	15
综艺等着我	3	15	645	49	15
综艺等着我	3	64	645	41	15
综艺等着我	3	15	775	197	15
综艺等着我	3	15	868	184	15
综艺等着我	3	15	961	184	15
综艺等着我	3	15	1054	184	15
综艺等着我	10	15	1894	122	82
小企业会计准则适用范围	10	15	1240	122	82
血液循环ppt	6	15	674	122	82
电梯应急预案	6	15	674	122	82
销售团队激励口号	2	15	182	122	82
红歌大全	2	26	409	120	15
红歌大全	2	26	563	120	15
红歌大全	2	26	717	120	15
红歌大全	2	26	871	120	15
红歌大全	3	26	1032	90	15
红歌大全	3	26	1140	90	15
红歌大全	3	26	1248	90	15
红歌大全	3	26	1356	90	15
红歌大全	3	26	1464	90	15
红歌大全	9	15	1979	122	82
台式电脑	2	15	267	4	15
台式电脑	2	15	313	4	15
台式电脑	2	15	374	4	15
台式电脑	2	15	420	4	15
台式电脑	7	15	1243	122	82
《钟馗伏魔：雪妖魔灵》	2	15	507	42	15
《钟馗伏魔：雪妖魔灵》	2	57	507	55	15
《钟馗伏魔：雪妖魔灵》	2	112	507	42	15
《钟馗伏魔：雪妖魔灵》	2	154	507	50	15
《钟馗伏魔：雪妖魔灵》	2	204	507	42	15
《钟馗伏魔：雪妖魔灵》	2	246	507	55	15
《钟馗伏魔：雪妖魔灵》	2	301	507	42	15
《钟馗伏魔：雪妖魔灵》	2	343	507	58	15
《钟馗伏魔：雪妖魔灵》	2	401	507	42	15
《钟馗伏魔：雪妖魔灵》	6	15	1006	122	82
lol大脚	1	15	5	550	26
lol大脚	2	26	256	62	15
lol大脚	2	80	321	16	16
lol大脚	6	15	753	122	82
抑郁症的表现	2	26	187	4	15
抑郁症的表现	2	26	217	4	15
抑郁症的表现	2	26	247	4	15
抑郁症的表现	2	26	277	4	15
抑郁症的表现	6	15	902	122	82
抑郁症的表现	7	15	1215	120	15
抑郁症的表现	7	15	1323	120	15
抑郁症的表现	7	15	1431	120	15
抑郁症的表现	7	15	1539	120	15
抑郁症的表现	9	15	1855	550	42
近视眼激光手术	10	15	1515	122	82
终极蜘蛛侠第二季国语版	1	15	10	122	162
高考加油祝福语	5	15	506	122	82
忠犬八公观后感	5	15	528	122	82
2015年4月解禁股	4	15	476	122	82
大话2孩子神结局攻略	8	15	814	122	82
农业银行贷款利率	4	0	0	122	92
农业银行贷款利率	6	15	711	122	82
皮肤暗黄怎么调理	2	26	144	4	15
皮肤暗黄怎么调理	2	26	174	4	15
皮肤暗黄怎么调理	2	26	204	4	15
皮肤暗黄怎么调理	2	26	234	4	15
皮肤暗黄怎么调理	4	15	552	550	42
皮肤暗黄怎么调理	5	15	660	122	82
我的世界枪械mod	1	15	5	550	26
我的世界枪械mod	6	15	743	122	82
工科大学排名	9	15	1000	122	82
华西口腔医院	2	15	324	520	15
华西口腔医院	6	15	841	67	67
华西口腔医院	7	15	1028	122	82
新三国演义全集高清	1	15	147	94	15
怎么压缩图片	9	15	1193	122	82
白瓜子	5	15	758	122	82
诛仙2	1	15	5	550	26
诛仙2	3	26	422	202	152
诛仙2	6	15	1061	79	93
诛仙2	8	15	1298	122	82
红警3修改器	2	15	107	550	26
夏日杀手国语	1	16	37	120	160
泥娃娃儿歌视频	2	15	140	122	92
泥娃娃儿歌视频	2	157	140	122	92
泥娃娃儿歌视频	2	299	140	122	92
泥娃娃儿歌视频	2	441	146	122	92
旗帜奶粉	1	15	120	4	15
旗帜奶粉	1	15	166	4	15
旗帜奶粉	1	15	227	4	15
旗帜奶粉	1	15	273	4	15
旗帜奶粉	1	0	0	264	119
旗帜奶粉	1	0	0	264	119
鲅鱼的做法	1	15	64	92	92
鲅鱼的做法	6	15	671	122	82
鲅鱼的做法	7	15	911	122	92
鲅鱼的做法	7	157	911	122	92
鲅鱼的做法	7	299	911	122	92
鲅鱼的做法	7	441	911	122	92
乌鸡白凤丸功效与作用	5	15	648	122	82
乌鸡白凤丸功效与作用	6	15	904	550	42
乌鸡白凤丸功效与作用	7	15	1051	550	42
自主招生班主任推荐信	6	15	720	122	82
古钱币图片及价格	7	15	612	122	82
奇葩说第二季	2	15	482	120	15
奇葩说第二季	2	15	645	54	15
奇葩说第二季	2	15	775	197	15
奇葩说第二季	2	15	868	184	15
奇葩说第二季	2	15	961	184	15
奇葩说第二季	2	15	1054	184	15
奇葩说第二季	8	15	1843	122	82
cf英雄武器换购第三期	5	15	442	122	82
cf英雄武器换购第三期	9	15	1010	122	92
cf英雄武器换购第三期	9	157	1010	122	92
cf英雄武器换购第三期	9	299	1010	122	92
cf英雄武器换购第三期	9	441	1010	122	92
清蒸鸡的做法	1	15	64	92	92
清蒸鸡的做法	6	15	693	122	82
毕福剑《智取威虎山》	3	15	306	122	92
毕福剑《智取威虎山》	3	157	306	122	92
毕福剑《智取威虎山》	3	299	306	122	92
毕福剑《智取威虎山》	3	441	306	122	92
毕福剑《智取威虎山》	6	15	756	122	82
柯南大结局	3	15	256	122	162
柯南大结局	10	15	1347	122	82
七星烟	10	15	1212	16	15
移动开钻代码	5	15	530	122	82
梅根·福克斯	2	15	545	92	122
梅根·福克斯	2	129	545	92	122
梅根·福克斯	2	243	545	92	122
梅根·福克斯	2	357	545	92	122
梅根·福克斯	2	471	545	92	122
梅根·福克斯	7	15	1309	122	82
大通证券神通版+下载	1	15	5	550	26
黑玛瑙	4	15	789	4	15
黑玛瑙	4	15	850	4	15
黑玛瑙	4	15	896	4	15
黑玛瑙	4	15	957	4	15
黑玛瑙	6	15	1295	122	82
世界地球日主题班会	5	15	618	122	82
时尚王国语版全集优酷	1	15	69	122	92
时尚王国语版全集优酷	1	157	69	122	92
时尚王国语版全集优酷	1	299	69	122	92
时尚王国语版全集优酷	1	441	69	122	92
sod霜	5	15	652	122	82
琳琅电动	2	15	164	4	15
琳琅电动	2	15	210	4	15
琳琅电动	2	15	256	4	15
琳琅电动	2	15	302	4	15
琳琅电动	8	15	855	122	82
合肥地铁规划线路图	5	15	780	122	82
本溪中绿	5	15	787	122	82
澳门风云2在线观看粤语	3	15	617	55	15
澳门风云2在线观看粤语	3	70	617	42	15
澳门风云2在线观看粤语	3	112	617	42	15
澳门风云2在线观看粤语	3	154	617	55	15
澳门风云2在线观看粤语	3	209	617	42	15
观课记录	5	15	602	122	82
观课记录	6	15	724	550	26
观课记录	6	123	728	41	19
swisse蔓越莓	1	15	115	4	15
swisse蔓越莓	1	15	161	4	15
swisse蔓越莓	1	15	207	4	15
swisse蔓越莓	1	15	268	4	15
swisse蔓越莓	7	15	1047	122	82
松子仁	1	15	109	120	15
松子仁	4	15	821	4	15
松子仁	4	15	867	4	15
松子仁	4	15	913	4	15
松子仁	4	15	959	4	15
松子仁	6	15	1210	122	82
4k壁纸	6	15	546	122	82
tfboys歌曲	1	15	119	100	15
tfboys歌曲	2	15	350	122	92
tfboys歌曲	2	157	350	122	92
天府新区	5	15	421	122	82
天府新区	6	15	661	122	92
天府新区	6	157	661	122	92
天府新区	6	299	661	122	92
天府新区	6	441	661	122	92
天府新区	7	0	0	122	92
001166基金	1	0	0	122	92
001166基金	2	15	334	200	15
001166基金	6	15	723	122	82
朱雀记漫画	1	15	176	117	15
朱雀记漫画	1	15	299	117	15
朱雀记漫画	1	15	422	117	15
朱雀记漫画	1	15	545	117	15
朱雀记漫画	1	15	668	117	15
朱雀记漫画	5	15	1105	122	82
智取威虎山毕福剑	1	15	36	122	92
智取威虎山毕福剑	1	157	36	122	92
智取威虎山毕福剑	1	299	36	122	92
智取威虎山毕福剑	1	441	36	122	92
智取威虎山毕福剑	7	15	890	122	82
强弱电间距	5	15	626	122	82
拉摩力拉牌玛卡片	1	15	115	4	15
拉摩力拉牌玛卡片	1	15	161	4	15
拉摩力拉牌玛卡片	1	15	207	4	15
拉摩力拉牌玛卡片	1	15	253	4	15
拉摩力拉牌玛卡片	7	15	831	122	82
榻榻米价格	1	15	87	4	15
榻榻米价格	1	15	133	4	15
榻榻米价格	1	15	194	4	15
榻榻米价格	1	15	255	4	15
榻榻米价格	7	15	1081	122	82
国际象棋怎么玩	8	15	846	122	82
国际象棋怎么玩	10	15	1230	160	122
梦想的力量主要内容	6	15	726	122	82
星三角启动接线图	5	15	777	122	82
董璇高云翔婚礼	1	15	36	122	92
董璇高云翔婚礼	1	157	36	122	92
董璇高云翔婚礼	1	299	36	122	92
董璇高云翔婚礼	1	441	36	122	92
董璇高云翔婚礼	4	15	742	122	82
董璇高云翔婚礼	5	0	0	122	92
2015年4月14日新股申购一览表	5	15	554	122	82
bt软件	6	15	628	122	82
智取威虎山下载地址	6	15	722	122	82
黄山温泉哪个好	3	15	445	122	82
黄山温泉哪个好	3	15	548	122	82
黄山温泉哪个好	3	15	651	122	82
黄山温泉哪个好	3	15	754	122	82
黄山温泉哪个好	6	15	1156	122	82
2015年音乐风云榜	1	15	36	162	122
2015年音乐风云榜	1	15	168	50	32
2015年音乐风云榜	1	65	168	56	32
2015年音乐风云榜	1	15	210	122	92
2015年音乐风云榜	1	157	210	122	92
2015年音乐风云榜	1	299	210	122	92
2015年音乐风云榜	1	441	210	122	92
2015年音乐风云榜	7	15	983	122	82
瑞虎5和哈弗h6哪个好	1	15	34	33	15
瑞虎5和哈弗h6哪个好	1	15	113	42	15
瑞虎5和哈弗h6哪个好	8	15	1047	122	82
排球规则	7	15	777	67	67
嗜血狂后鱼子兰	3	16	347	90	15
钢笔字比赛报道	5	15	574	122	82
新时代通达信独立委托	1	15	5	550	26
经营设施+设备目录	3	15	388	550	26
经营设施+设备目录	3	271	392	41	19
经营设施+设备目录	6	15	692	550	26
经营设施+设备目录	6	363	696	41	19
经营设施+设备目录	8	15	894	550	26
经营设施+设备目录	8	299	898	41	19
斗罗大陆2漫画全集	1	15	176	117	15
斗罗大陆2漫画全集	1	15	299	117	15
斗罗大陆2漫画全集	1	15	422	117	15
斗罗大陆2漫画全集	1	15	545	117	15
斗罗大陆2漫画全集	1	15	668	117	15
mma综合格斗2015	5	15	558	122	82
mma综合格斗2015	6	15	798	122	92
mma综合格斗2015	6	157	798	122	92
mma综合格斗2015	6	299	798	122	92
mma综合格斗2015	6	441	798	122	92
商丘学院	4	15	550	67	67
商丘学院	10	15	1349	122	82
miss排位日记vn	1	15	36	122	92
miss排位日记vn	1	157	36	122	92
miss排位日记vn	1	299	36	122	92
miss排位日记vn	1	441	36	122	92
miss排位日记vn	5	15	564	122	82
篮球在线	1	15	5	550	26
篮球在线	4	26	471	120	15
篮球在线	4	26	595	41	15
篮球在线	4	67	595	41	15
篮球在线	4	108	595	41	15
篮球在线	9	15	1070	122	82
魔兽世界坐骑	7	15	684	122	82
面膜多久做一次	2	26	216	4	15
面膜多久做一次	2	26	246	4	15
面膜多久做一次	2	26	276	4	15
面膜多久做一次	2	26	306	4	15
面膜多久做一次	9	15	1140	122	82
资本运作正面报道	2	15	136	122	92
资本运作正面报道	2	157	136	122	92
资本运作正面报道	2	299	136	122	92
资本运作正面报道	2	441	136	122	92
资本运作正面报道	6	15	676	122	82
蜘蛛侠电影	1	15	36	92	122
蜘蛛侠电影	1	118	36	92	122
蜘蛛侠电影	1	221	36	92	122
蜘蛛侠电影	1	324	36	92	122
蜘蛛侠电影	1	427	36	92	122
蜘蛛侠电影	6	15	759	122	82
验证码接收平台	7	15	666	122	82
过华清宫	6	15	745	122	82
足球骑士国语版	1	15	10	122	162
切开的水果怎么画	6	15	612	122	82
阅读的乐趣	6	15	766	122	82
红楼梦在线阅读	5	15	517	75	15
星星诗刊	8	15	860	122	82
精灵梦叶罗莉第三季	1	15	44	122	162
精灵梦叶罗莉第三季	6	15	736	122	82
公主动画片大全	1	15	10	122	162
公主动画片大全	6	15	646	122	82
7406芯片	1	15	64	4	15
7406芯片	1	15	110	4	15
7406芯片	1	15	156	4	15
7406芯片	1	15	202	4	15
龙煤集团最新消息	5	15	528	122	82
项目合作协议书	1	0	0	122	92
项目合作协议书	5	15	552	122	82
蛋清蜂蜜面膜可以天天做吗	6	15	652	122	82
蛋清蜂蜜面膜可以天天做吗	9	15	1132	550	42
世纪伟业家校通	6	15	498	122	82
2014cad下载	10	45	1085	42	15
2014cad下载	10	45	1130	42	15
2014cad下载	10	45	1175	42	15
2014cad下载	10	45	1220	42	15
2014cad下载	10	45	1265	42	15
江苏地税	5	15	480	122	82
三菱plc仿真软件下载	1	15	5	550	26
中央民族大学信息门户	7	15	734	122	82
2034盒子破解版	1	15	5	550	26
分家协议书范本	6	15	720	122	82
电影爸爸去哪儿2在线观看完整版	4	15	737	42	15
电影爸爸去哪儿2在线观看完整版	4	57	737	55	15
电影爸爸去哪儿2在线观看完整版	4	112	737	50	15
电影爸爸去哪儿2在线观看完整版	4	162	737	42	15
电影爸爸去哪儿2在线观看完整版	4	204	737	42	15
电影爸爸去哪儿2在线观看完整版	4	246	737	58	15
电影爸爸去哪儿2在线观看完整版	4	304	737	42	15
电影爸爸去哪儿2在线观看完整版	4	346	737	42	15
洛阳看牡丹哪里最好	6	15	634	122	82
红与黑读后感	6	15	724	122	82
南国早报	7	15	788	122	82
保定市直隶花园楼盘	1	26	42	63	15
德云社2015封箱完整版	3	15	240	122	92
德云社2015封箱完整版	3	157	240	122	92
德云社2015封箱完整版	3	299	240	122	92
德云社2015封箱完整版	3	441	240	122	92
关联词大全	5	15	664	122	82
三揭皇榜	1	26	168	120	15
三揭皇榜	1	26	292	54	15
三揭皇榜	1	80	292	41	15
三揭皇榜	1	121	292	42	15
三揭皇榜	1	163	292	41	15
消费税纳税申报表下载	1	15	6	550	26
消费税纳税申报表下载	1	187	10	41	19
金地格林东郡	1	26	42	77	15
金地格林东郡	4	15	555	220	15
金地格林东郡	6	15	734	122	82
1997年巴西对阵法国，卡洛斯的重炮任意球	3	15	420	122	82
photoshop破解版下载	6	15	627	550	26
广西最低工资标准2015	8	15	766	122	82
青岛理工大学	4	35	731	220	15
青岛理工大学	7	15	1164	122	82
终极一班	1	26	168	120	15
终极一班	1	26	292	41	15
终极一班	1	67	292	41	15
nvidia显卡驱动下载	1	15	5	550	26
幼儿园看图编故事	5	15	622	122	82
上海地铁15号线最新线路图	5	15	665	122	82
gta5联机	6	15	616	122	82
2015国务院3号文件	6	15	700	122	82
英雄联盟英雄大全	2	26	354	202	152
英雄联盟英雄大全	7	15	1105	122	82
2015退休涨工资方案	5	15	440	122	82
奥黛丽赫本最经典照片	3	17	238	100	4
奥黛丽赫本最经典照片	7	15	688	122	82
魂斗罗4铁血兵团无敌	1	15	78	160	122
南方全球	5	15	506	122	82
优酷下载器	1	15	5	550	26
优酷下载器	6	15	751	122	82
ps做立体字	7	15	694	122	82
魔方格	2	15	108	550	26
魔方格	2	459	181	95	99
魔方格	6	15	872	122	82
淘宝天天特价报名要求	9	15	962	122	82
CBA四川天津群殴	1	15	36	122	92
CBA四川天津群殴	1	157	36	122	92
CBA四川天津群殴	1	299	36	122	92
CBA四川天津群殴	1	441	36	122	92
CBA四川天津群殴	5	15	566	122	82
摄像头驱动	1	15	5	550	26
摄像头驱动	7	15	845	122	82
dnf元素爆破师刷图加点	5	15	625	122	82
qq会员中心	1	15	5	550	26
qq会员中心	5	15	482	122	82
阿盟地震	5	15	442	122	82
下旋球	1	15	36	122	92
下旋球	1	157	36	122	92
下旋球	1	299	36	122	92
下旋球	1	441	36	122	92
设计师简历	8	15	836	122	82
数据恢复软件	1	45	61	42	15
数据恢复软件	1	45	106	42	15
数据恢复软件	1	45	151	42	15
数据恢复软件	1	45	196	42	15
数据恢复软件	1	45	241	42	15
数据恢复软件	6	15	751	122	82
档案在自己手里怎么办	9	15	1182	122	82
战地2修改器	1	15	5	550	26
欢乐英雄转大赛版	1	15	36	122	92
欢乐英雄转大赛版	1	157	36	122	92
欢乐英雄转大赛版	1	299	36	122	92
欢乐英雄转大赛版	1	441	36	122	92
欢乐英雄转大赛版	8	15	918	122	82
童装品牌排行榜	6	15	658	122	82
凯立德导航升级免费版	6	15	620	122	82
东风风行S500即将面市	5	15	750	122	82
笔记本电脑定时关机怎么设置	1	56	106	142	107
笔记本电脑定时关机怎么设置	1	203	106	142	107
笔记本电脑定时关机怎么设置	1	350	106	142	107
笔记本电脑定时关机怎么设置	7	15	969	122	82
描写雨景的作文	6	15	828	122	82
苹果5s怎么设置铃声	1	56	128	142	107
苹果5s怎么设置铃声	1	203	128	142	107
苹果5s怎么设置铃声	1	350	128	142	107
苹果5s怎么设置铃声	5	15	789	122	82
林黛玉进贾府教案	6	15	608	122	82
金刚结的编法图解	4	15	564	122	82
台湾宝岛导航	5	15	436	122	82
怎么练肌肉	8	15	956	122	82
office2003兼容2007	8	15	924	122	82
制作视频的免费软件	1	45	61	42	15
制作视频的免费软件	1	45	106	42	15
制作视频的免费软件	1	45	151	42	15
制作视频的免费软件	1	45	196	42	15
制作视频的免费软件	1	45	241	42	15
制作视频的免费软件	7	15	1031	122	82
福睿斯油耗	2	15	275	154	15
福睿斯油耗	6	15	901	122	82
最近三河燕郊新闻	6	15	540	122	82
天津航母主题公园	1	15	5	550	26
天津航母主题公园	1	15	107	112	15
天津航母主题公园	3	15	601	220	15
天津航母主题公园	7	15	1230	122	82
360游戏保险箱	1	15	5	550	26
内热的症状	5	15	623	550	42
内热的症状	7	15	847	550	42
内热的症状	10	15	1203	122	82
味可滋鹿晗	1	15	36	122	92
味可滋鹿晗	1	157	36	122	92
味可滋鹿晗	1	299	36	122	92
味可滋鹿晗	1	441	36	122	92
味可滋鹿晗	5	15	787	122	82
我的公主国语版	2	15	249	94	15
描写眼睛的优美句子	6	15	698	122	82
关于团结的歌曲	6	15	682	122	82
关于团结的歌曲	10	15	1248	122	92
关于团结的歌曲	10	157	1248	122	92
关于团结的歌曲	10	299	1248	122	92
关于团结的歌曲	10	441	1248	122	92
dnf活动专区	5	15	467	122	82
黄金岛历险记	1	16	37	120	160
公务员辞职规定	6	15	791	122	82
恒星科技	5	15	1049	220	15
恒星科技	8	15	1353	122	82
世纪购	1	15	5	550	26
世纪购	4	15	433	89	97
世纪购	7	15	778	122	82
医疗机构设置申请书	2	15	196	550	26
医疗机构设置申请书	2	299	200	41	19
医疗机构设置申请书	3	15	298	550	26
医疗机构设置申请书	3	203	302	41	19
医疗机构设置申请书	5	15	480	550	26
医疗机构设置申请书	5	203	484	41	19
医疗机构设置申请书	6	15	612	122	82
苏打水	4	15	393	4	15
苏打水	4	15	439	4	15
苏打水	4	15	485	4	15
苏打水	4	15	531	4	15
苏打水	6	15	980	90	90
苏打水	6	130	980	90	90
苏打水	6	245	980	90	90
苏打水	6	360	980	90	90
苏打水	7	15	1193	122	82
制药与检验类专业	5	15	669	122	82
火影忍者壁纸	5	15	769	122	82
别克英朗xt	1	15	127	154	15
别克英朗xt	6	15	1064	122	82
狼图腾下载迅雷	5	15	496	122	82
唐唐big笑工坊2015	1	15	36	162	122
唐唐big笑工坊2015	1	15	168	50	32
唐唐big笑工坊2015	1	65	168	48	32
唐唐big笑工坊2015	1	113	168	61	32
唐唐big笑工坊2015	1	174	168	61	32
唐唐big笑工坊2015	1	235	168	48	32
唐唐big笑工坊2015	1	15	210	122	92
唐唐big笑工坊2015	1	157	210	122	92
唐唐big笑工坊2015	9	15	1281	122	82
大排档利润	6	15	636	122	82
久游一卡通	10	15	1160	122	82
葱油饼	1	15	64	92	92
葱油饼	6	15	716	122	82
中华鲟	3	0	0	122	92
中华鲟	5	15	895	67	67
163邮箱登陆	1	15	5	550	26
163邮箱登陆	2	15	123	550	26
163邮箱登陆	5	15	548	122	82
163邮箱登陆	7	15	888	67	67
云南自助游	1	15	122	122	92
云南自助游	1	157	122	122	92
云南自助游	1	299	122	122	92
云南自助游	1	441	122	122	92
云南自助游	1	15	241	122	92
云南自助游	1	157	241	122	92
云南自助游	1	299	241	122	92
云南自助游	1	441	241	122	92
云南自助游	3	15	611	122	82
云南自助游	3	15	714	122	82
云南自助游	3	15	817	122	82
云南自助游	3	15	920	122	82
云南自助游	7	15	1396	122	82
photoshop破解版下载免费中文版	2	15	107	550	26
photoshop破解版下载免费中文版	6	15	737	122	82
傲慢与偏见	1	26	168	120	15
傲慢与偏见	1	26	292	54	15
傲慢与偏见	3	16	711	120	160
傲慢与偏见	3	291	847	35	16
傲慢与偏见	3	386	843	24	22
8010豹子号	5	15	430	16	15
国漫排行榜	8	15	904	122	82
送东阳马生序	6	15	743	122	82
送东阳马生序	8	15	1083	67	67
刀塔传奇噩梦远征国家队	7	15	716	122	82
龙氏正骨	6	15	737	122	82
我的世界服务器地址	9	15	992	122	82
开淘宝店怎么找货源	7	15	896	122	82
英雄联盟生日礼物怎么领取	10	15	1000	122	82
沈阳电视台	6	15	587	122	82
沈阳电视台	7	0	0	122	92
沈阳电视台	8	15	973	67	67
毛家红烧肉	1	15	64	92	92
毛家红烧肉	5	15	636	122	82
动物园术士卡组	6	15	546	122	82
华夏全球精选	5	15	442	122	82
国发2015年3号全文	6	15	659	122	82
梦幻西游手游地府宝石	7	15	788	122	82
冰川时代3	2	15	476	42	15
冰川时代3	2	57	476	55	15
冰川时代3	2	112	476	42	15
冰川时代3	8	15	1325	122	82
李钟硕穿的鞋子	5	15	540	4	15
李钟硕穿的鞋子	5	15	586	4	15
李钟硕穿的鞋子	5	15	647	4	15
李钟硕穿的鞋子	5	15	708	4	15
李钟硕穿的鞋子	6	15	887	122	82
怎么贴双眼皮贴	6	15	708	122	92
怎么贴双眼皮贴	6	157	708	122	92
怎么贴双眼皮贴	6	299	708	122	92
怎么贴双眼皮贴	6	441	708	122	92
怎么贴双眼皮贴	9	15	1166	122	82
海藻面膜	1	26	42	4	15
海藻面膜	1	26	72	4	15
海藻面膜	1	26	102	4	15
海藻面膜	1	26	132	4	15
海藻面膜	5	15	709	4	15
海藻面膜	5	15	770	4	15
海藻面膜	5	15	831	4	15
海藻面膜	5	15	877	4	15
海藻面膜	7	15	1128	122	82
海藻面膜	10	15	1642	127	127
海藻面膜	10	156	1642	127	127
海藻面膜	10	297	1642	127	127
海藻面膜	10	15	1834	127	127
武媚娘传奇台湾版	4	15	342	122	92
武媚娘传奇台湾版	4	157	342	122	92
武媚娘传奇台湾版	4	299	342	122	92
武媚娘传奇台湾版	4	441	342	122	92
武媚娘传奇台湾版	10	15	1243	122	82
炸馓子的做法	1	15	36	122	92
炸馓子的做法	1	157	36	122	92
炸馓子的做法	1	299	36	122	92
炸馓子的做法	1	441	36	122	92
炸馓子的做法	2	15	371	112	15
宇宙年龄	5	15	601	122	82
收针方法	9	15	955	122	82
hypersnap破解版	4	15	433	550	26
会计报表附注模板	6	15	744	122	82
徐州保时捷中心	1	15	191	220	15
徐州保时捷中心	4	15	521	67	67
增压泵+家用	1	15	120	4	15
增压泵+家用	1	15	166	4	15
增压泵+家用	1	15	212	4	15
增压泵+家用	1	15	258	4	15
增压泵+家用	9	15	1152	122	82
抗日英雄的故事	10	15	1126	122	82
会计资格考试题库	6	15	562	122	82
2015年中考体育项目	4	15	338	122	82
众泰t600运动版	1	0	0	122	92
众泰t600运动版	4	15	795	122	82
古筝名曲	7	15	779	122	92
古筝名曲	7	157	779	122	92
古筝名曲	7	299	779	122	92
古筝名曲	7	441	779	122	92
古筝名曲	10	15	1186	122	82
葡萄石价格	1	15	38	127	127
葡萄石价格	1	156	38	127	127
葡萄石价格	1	297	38	127	127
葡萄石价格	1	15	230	127	127
葡萄石价格	2	15	646	4	15
葡萄石价格	2	15	707	4	15
葡萄石价格	2	15	768	4	15
葡萄石价格	2	15	814	4	15
葡萄石价格	9	15	1645	122	82
组织机构代码证	5	15	507	122	82
obee+v10+手机价格	5	15	414	16	15
轻快的音乐	2	15	276	26	15
轻快的音乐	7	15	987	122	82
翡翠墨翠无事牌	1	15	166	4	15
翡翠墨翠无事牌	1	15	212	4	15
翡翠墨翠无事牌	1	15	258	4	15
翡翠墨翠无事牌	1	15	304	4	15
翡翠墨翠无事牌	7	15	971	122	82
台湾面膜排行榜	6	15	568	122	82
同仁堂药店	2	15	369	220	15
同仁堂药店	6	15	728	122	82
微信抢红包群二维码	6	15	633	122	82
豆芽的做法	1	15	136	112	15
豆芽的做法	5	15	526	122	92
豆芽的做法	5	157	526	122	92
豆芽的做法	5	299	526	122	92
豆芽的做法	5	441	526	122	92
豆芽的做法	6	15	744	122	82
腾讯qq2015	2	15	127	550	26
腾讯qq2015	9	15	1193	122	82
林氏六音	5	15	606	122	82
中央教育频道	7	15	710	122	82
赵文龙事迹	6	15	678	122	82
斯巴达克斯第一季高清	4	15	495	94	15
斯巴达克斯第一季高清	6	15	728	122	82
十一级台阶	1	26	168	120	15
十一级台阶	1	26	292	41	15
十一级台阶	1	67	292	41	15
十一级台阶	1	108	292	54	15
十一级台阶	1	162	292	49	15
胡维纳	1	35	55	122	122
胡维纳	2	35	520	122	92
胡维纳	2	197	520	122	92
胡维纳	2	359	520	122	92
胡维纳	2	521	520	122	92
胡维纳	6	15	1257	122	82
降低敏感度最好的方法	4	15	425	550	42
降低敏感度最好的方法	9	15	1152	550	42
马大帅1	1	26	168	120	15
马大帅1	1	26	292	41	15
马大帅1	1	67	292	54	15
马大帅1	1	121	292	41	15
马大帅1	1	162	292	49	15
马大帅1	10	15	1306	122	82
当幸福来敲门	5	15	948	42	15
当幸福来敲门	5	57	948	42	15
当幸福来敲门	5	99	948	55	15
当幸福来敲门	5	154	948	42	15
当幸福来敲门	5	196	948	42	15
当幸福来敲门	5	238	948	42	15
当幸福来敲门	8	15	1304	122	82
赛文·奥特曼	1	15	10	122	162
赛文·奥特曼	7	15	1110	122	82
图片格式转换器	2	45	161	42	15
图片格式转换器	2	45	206	42	15
图片格式转换器	2	45	251	42	15
图片格式转换器	2	45	296	42	15
申诉qq	4	15	344	89	97
申诉qq	6	15	677	122	82
电信猫怎么设置wifi	6	15	614	122	82
我的世界火怎么得	6	15	634	122	82
眉毛怎么画好看图解	6	15	566	122	82
神探驾到免费观看	2	15	507	42	15
神探驾到免费观看	2	57	507	55	15
神探驾到免费观看	2	112	507	42	15
客厅吊顶装修效果图	1	15	455	4	15
客厅吊顶装修效果图	1	15	470	4	15
客厅吊顶装修效果图	1	15	485	4	15
客厅吊顶装修效果图	1	15	500	4	15
客厅吊顶装修效果图	1	15	515	4	15
客厅吊顶装修效果图	1	15	530	4	15
客厅吊顶装修效果图	1	15	545	4	15
客厅吊顶装修效果图	1	15	560	4	15
客厅吊顶装修效果图	1	0	0	190	15
客厅吊顶装修效果图	4	15	866	122	82
小孩满月贺词	6	15	740	122	82
豆客平台下载	2	15	85	550	26
匆匆那年免费观看	1	26	168	120	15
匆匆那年免费观看	1	26	292	41	15
匆匆那年免费观看	1	67	292	41	15
匆匆那年免费观看	5	15	1136	55	15
匆匆那年免费观看	5	70	1136	50	15
匆匆那年免费观看	5	120	1136	42	15
匆匆那年免费观看	5	162	1136	55	15
匆匆那年免费观看	5	217	1136	58	15
匆匆那年免费观看	5	275	1136	42	15
融券标的股票名单	5	15	614	550	26
融券标的股票名单	5	216	618	41	19
融券标的股票名单	6	15	746	122	82
东京漂移高清完整版	1	15	36	122	92
东京漂移高清完整版	1	157	36	122	92
东京漂移高清完整版	1	299	36	122	92
东京漂移高清完整版	1	441	36	122	92
赛尔号外挂下载	2	15	155	550	26
深航刘瑞琦	6	15	924	122	82
鼻中隔弯曲手术后遗症	4	15	520	550	42
鼻中隔弯曲手术后遗症	5	15	628	122	82
鼻中隔弯曲手术后遗症	7	15	986	550	22
鼻中隔弯曲手术后遗症	9	15	1236	550	22
鼻中隔弯曲手术后遗症	10	15	1340	550	42
cfm4a1使用技巧	6	15	644	122	92
cfm4a1使用技巧	6	157	644	122	92
cfm4a1使用技巧	6	299	644	122	92
cfm4a1使用技巧	6	441	644	122	92
二手帕萨特	10	15	1004	122	82
加州旅馆	6	15	604	122	82
应急演练计划	6	15	650	122	82
糖醋排骨的做法	1	15	64	92	92
糖醋排骨的做法	3	15	387	122	92
糖醋排骨的做法	3	157	387	122	92
糖醋排骨的做法	3	299	387	122	92
糖醋排骨的做法	3	441	387	122	92
糖醋排骨的做法	6	15	831	122	82
卡西利亚斯	1	35	55	122	122
卡西利亚斯	2	35	239	122	92
卡西利亚斯	2	197	239	122	92
卡西利亚斯	2	359	239	122	92
卡西利亚斯	2	521	239	122	92
卡西利亚斯	5	15	1121	122	82
卡西利亚斯	10	0	0	100	103
无地自容吉他谱	5	15	574	122	82
烧烤配料	4	15	518	220	15
烧烤配料	5	15	595	122	82
烧烤配料	7	15	1009	122	92
烧烤配料	7	157	1009	122	92
烧烤配料	7	299	1009	122	92
烧烤配料	7	441	1009	122	92
汤姆猫搞笑视频小苹果	1	15	36	122	92
汤姆猫搞笑视频小苹果	1	157	36	122	92
汤姆猫搞笑视频小苹果	1	299	36	122	92
汤姆猫搞笑视频小苹果	1	441	36	122	92
汤姆猫搞笑视频小苹果	6	15	734	122	82
罗汉松造型	7	15	1130	122	82
